
       0
       1
       0
       1
       1
       1
       0
       0
       1
       1
       3
       2
       3
       6
       3
       8
       6
       7
       8
       9
      17
      11
      26
      29
      31
      48
      83
     101
     156
     192
     210
     203
     247
     321
     377
     431
     472
     383
     292
     240
     200
     210
     238
     251
     249
     231
     204
     176
     166
     120
     139
     112
      89
      90
     116
     140
     214
     258
     300
     389
     403
     430
     523
     513
     500
     519
     555
     569
     565
     543
     491
     531
     523
     534
     504
     546
     577
     531
     513
     566
     489
     507
     534
     539
     570
     534
     589
     543
     542
     556
     538
     580
     536
     557
     522
     588
     564
     535
     530
     572
     543
     537
     555
     547
     522
     536
     507
     539
     509
     530
     557
     598
     529
     534
     535
     523
     495
     529
     543
     536
     551
     517
     563
     518
     528
     520
     560
     571
     569
     565
     576
     540
     624
     578
     592
     579
     640
     593
     597
     590
     601
     596
     659
     630
     637
     648
     644
     615
     612
     644
     620
     660
     648
     688
     654
     670
     654
     643
     646
     710
     675
     653
     709
     732
     742
     672
     728
     681
     691
     749
     734
     678
     714
     634
     695
     639
     683
     668
     627
     627
     603
     628
     626
     649
     613
     595
     574
     592
     624
     646
     565
     575
     590
     648
     648
     600
     620
     632
     612
     581
     665
     622
     671
     683
     657
     653
     634
     690
     674
     694
     697
     714
     724
     723
     681
     758
     772
     813
     732
     755
     807
     803
     833
     816
     813
     867
     825
     882
     877
     891
     895
     884
     868
     914
     914
     826
     833
     806
     862
     831
     820
     802
     800
     748
     769
     761
     812
     771
     721
     737
     711
     710
     724
     700
     729
     689
     637
     647
     702
     661
     631
     613
     678
     612
     677
     664
     635
     649
     617
     693
     615
     639
     653
     667
     649
     664
     654
     669
     688
     690
     643
     685
     699
     692
     678
     688
     725
     674
     703
     691
     728
     705
     662
     685
     694
     749
     733
     687
     728
     701
     746
     687
     733
     721
     761
     733
     777
     704
     749
     782
     781
     785
     802
     840
     816
     840
     835
     830
     861
     860
     884
     898
     873
     909
     901
     932
     909
     904
     935
    1023
    1098
    1037
    1046
    1119
    1120
    1205
    1249
    1213
    1301
    1287
    1392
    1442
    1480
    1467
    1607
    1629
    1687
    1749
    1881
    1883
    1868
    1992
    2003
    2076
    2170
    2217
    2291
    2402
    2496
    2515
    2624
    2682
    2725
    2728
    2789
    2891
    2949
    2932
    2935
    3054
    3099
    3098
    3138
    3151
    3153
    3016
    3124
    3079
    2986
    2984
    2927
    3013
    2885
    2802
    2831
    2803
    2790
    2665
    2734
    2632
    2500
    2504
    2452
    2313
    2281
    2344
    2306
    2259
    2131
    2078
    2012
    2174
    2096
    2054
    1945
    2016
    1936
    1948
    1938
    1906
    1912
    2006
    1896
    1927
    1917
    1956
    1969
    1898
    1961
    1933
    1937
    1955
    1900
    1901
    1848
    1918
    1849
    1897
    1861
    1878
    1833
    1747
    1907
    1749
    1817
    1796
    1739
    1794
    1749
    1767
    1696
    1704
    1667
    1592
    1676
    1581
    1502
    1672
    1559
    1583
    1477
    1525
    1480
    1420
    1485
    1472
    1427
    1365
    1446
    1418
    1414
    1347
    1357
    1376
    1374
    1427
    1285
    1412
    1300
    1281
    1263
    1320
    1339
    1285
    1394
    1345
    1334
    1355
    1342
    1342
    1290
    1305
    1296
    1310
    1326
    1331
    1378
    1343
    1334
    1306
    1317
    1302
    1344
    1376
    1292
    1418
    1328
    1332
    1371
    1430
    1368
    1320
    1412
    1377
    1397
    1308
    1369
    1342
    1379
    1378
    1401
    1367
    1402
    1364
    1420
    1374
    1391
    1396
    1431
    1410
    1404
    1444
    1363
    1431
    1395
    1454
    1491
    1341
    1413
    1457
    1440
    1438
    1368
    1382
    1416
    1448
    1449
    1469
    1373
    1485
    1392
    1436
    1464
    1423
    1394
    1442
    1460
    1424
    1402
    1422
    1452
    1509
    1439
    1488
    1541
    1443
    1391
    1484
    1418
    1411
    1536
    1476
    1473
    1397
    1427
    1494
    1444
    1395
    1480
    1445
    1596
    1482
    1497
    1497
    1505
    1480
    1502
    1472
    1500
    1480
    1454
    1461
    1447
    1453
    1500
    1495
    1420
    1526
    1468
    1442
    1486
    1492
    1457
    1453
    1490
    1443
    1466
    1434
    1528
    1515
    1479
    1510
    1451
    1379
    1464
    1459
    1518
    1509
    1470
    1511
    1506
    1469
    1450
    1455
    1488
    1428
    1450
    1502
    1499
    1492
    1385
    1465
    1510
    1415
    1472
    1443
    1458
    1436
    1479
    1493
    1458
    1429
    1442
    1477
    1520
    1430
    1490
    1472
    1440
    1496
    1478
    1522
    1469
    1502
    1446
    1404
    1528
    1458
    1433
    1492
    1439
    1419
    1503
    1450
    1485
    1420
    1470
    1431
    1463
    1485
    1444
    1422
    1475
    1470
    1386
    1513
    1509
    1537
    1431
    1444
    1408
    1426
    1471
    1459
    1416
    1445
    1445
    1448
    1363
    1383
    1422
    1482
    1476
    1449
    1493
    1406
    1370
    1507
    1403
    1513
    1503
    1490
    1447
    1387
    1429
    1381
    1456
    1442
    1392
    1463
    1402
    1370
    1435
    1319
    1406
    1401
    1394
    1458
    1396
    1457
    1430
    1345
    1381
    1464
    1440
    1348
    1435
    1447
    1432
    1391
    1367
    1357
    1358
    1390
    1420
    1332
    1454
    1384
    1347
    1336
    1375
    1415
    1365
    1362
    1391
    1335
    1382
    1361
    1374
    1437
    1291
    1386
    1306
    1292
    1440
    1452
    1327
    1322
    1370
    1372
    1322
    1316
    1346
    1295
    1384
    1348
    1272
    1329
    1328
    1377
    1399
    1324
    1345
    1347
    1322
    1301
    1309
    1321
    1343
    1309
    1351
    1301
    1361
    1344
    1324
    1328
    1370
    1263
    1268
    1294
    1335
    1343
    1328
    1319
    1338
    1317
    1276
    1250
    1250
    1319
    1263
    1286
    1300
    1303
    1283
    1228
    1308
    1193
    1275
    1255
    1255
    1355
    1248
    1274
    1303
    1167
    1277
    1265
    1222
    1285
    1254
    1264
    1219
    1188
    1255
    1302
    1259
    1197
    1273
    1289
    1237
    1279
    1285
    1243
    1305
    1281
    1240
    1276
    1282
    1235
    1253
    1294
    1225
    1287
    1219
    1253
    1199
    1246
    1183
    1238
    1236
    1313
    1269
    1259
    1235
    1279
    1354
    1192
    1317
    1228
    1201
    1253
    1203
    1221
    1239
    1212
    1211
    1291
    1224
    1204
    1271
    1275
    1230
    1240
    1236
    1254
    1188
    1221
    1171
    1257
    1220
    1242
    1183
    1270
    1273
    1198
    1218
    1252
    1242
    1247
    1211
    1212
    1202
    1195
    1164
    1178
    1175
    1189
    1151
    1231
    1148
    1209
    1173
    1197
    1251
    1147
    1163
    1185
    1187
    1214
    1155
    1252
    1180
    1220
    1165
    1140
    1133
    1201
    1199
    1180
    1146
    1206
    1180
    1142
    1146
    1148
    1191
    1126
    1150
    1189
    1138
    1120
    1118
    1197
    1111
    1183
    1128
    1142
    1115
    1162
    1159
    1181
    1136
    1128
    1155
    1150
    1084
    1106
    1152
    1091
    1113
    1119
    1155
    1123
    1100
    1165
    1079
    1092
    1077
    1065
    1101
    1122
    1070
    1043
    1066
    1052
    1083
    1108
    1120
    1104
    1121
    1085
    1032
    1074
    1094
    1125
    1066
    1112
    1067
    1127
    1070
    1086
    1078
    1015
    1031
    1089
    1100
    1095
    1083
    1074
    1052
    1045
    1069
    1075
    1037
    1061
    1034
    1130
    1042
    1040
    1093
    1089
    1031
    1041
    1080
    1074
    1039
    1061
    1133
    1110
    1078
    1065
    1069
    1092
    1074
    1043
    1014
    1045
    1114
    1065
    1034
    1118
    1004
    1032
    1042
    1087
    1044
     977
    1055
    1089
    1032
    1082
     981
    1013
     971
    1101
    1107
    1011
    1016
    1015
    1056
    1015
    1030
    1015
    1039
    1045
    1075
    1018
     970
     984
    1003
    1025
    1000
    1027
    1081
     994
    1054
    1030
    1031
     993
    1036
    1002
     997
    1061
    1034
    1010
     989
    1059
    1033
    1035
     966
    1052
    1011
     996
    1097
    1030
     990
    1033
    1020
    1012
    1098
    1033
    1069
    1031
    1035
    1047
     979
     998
    1007
    1001
     997
     994
    1013
    1020
     981
     943
    1017
     965
     972
    1007
     996
     977
     969
    1022
    1035
    1022
     988
     959
    1046
     986
     998
     976
    1001
     952
     933
     950
     987
     966
     949
     988
     919
     971
     996
    1016
     970
     912
     955
     972
     928
     919
     935
     943
     952
    1030
     939
     975
     884
     866
     917
     980
     923
     909
     901
     899
     891
     906
     893
     865
     898
     919
     842
     920
     813
     894
     853
     856
     875
     933
     858
     846
     956
     828
     841
     862
     888
     821
     830
     875
     868
     856
     863
     860
     820
     805
     860
     842
     862
     833
     813
     798
     812
     816
     889
     779
     788
     791
     851
     801
     852
     817
     841
     892
     763
     799
     826
     823
     797
     808
     838
     834
     794
     789
     784
     769
     778
     780
     775
     766
     748
     780
     750
     809
     746
     709
     818
     760
     769
     782
     799
     734
     785
     775
     726
     752
     764
     765
     789
     691
     745
     743
     730
     758
     695
     760
     736
     772
     774
     693
     781
     769
     820
     765
     684
     731
     740
     775
     695
     717
     721
     780
     742
     717
     762
     768
     729
     723
     670
     768
     732
     762
     696
     731
     697
     705
     710
     774
     740
     725
     763
     751
     701
     699
     711
     763
     698
     694
     709
     751
     732
     727
     744
     677
     676
     735
     750
     727
     692
     759
     748
     736
     676
     693
     742
     692
     731
     729
     711
     772
     680
     755
     710
     706
     723
     700
     694
     722
     709
     736
     708
     667
     656
     697
     696
     695
     689
     676
     633
     710
     653
     710
     688
     701
     661
     708
     732
     711
     645
     647
     703
     693
     658
     688
     741
     645
     680
     660
     669
     711
     665
     616
     693
     727
     680
     703
     737
     693
     652
     661
     650
     684
     666
     666
     665
     648
     667
     646
     662
     686
     672
     655
     615
     605
     671
     676
     689
     613
     661
     604
     671
     670
     633
     630
     665
     616
     635
     616
     624
     622
     643
     652
     620
     648
     615
     598
     643
     641
     644
     614
     607
     668
     617
     627
     655
     592
     630
     615
     654
     622
     620
     603
     629
     612
     588
     605
     638
     626
     652
     610
     618
     662
     596
     617
     617
     585
     626
     668
     613
     610
     578
     602
     549
     617
     601
     576
     550
     611
     568
     531
     617
     593
     597
     562
     586
     576
     573
     588
     559
     560
     625
     581
     545
     598
     543
     516
     571
     538
     551
     575
     589
     529
     562
     564
     555
     550
     553
     555
     581
     520
     569
     550
     554
     575
     552
     542
     532
     530
     540
     550
     563
     539
     571
     562
     559
     450
     547
     604
     547
     564
     539
     563
     504
     522
     559
     538
     502
     534
     503
     586
     542
     534
     556
     551
     533
     543
     515
     551
     503
     512
     536
     548
     523
     522
     584
     556
     559
     555
     550
     534
     511
     586
     559
     520
     550
     539
     528
     533
     525
     553
     573
     557
     596
     554
     513
     520
     535
     567
     577
     519
     539
     505
     531
     570
     517
     544
     565
     530
     551
     554
     494
     543
     548
     507
     583
     527
     561
     549
     550
     545
     577
     517
     577
     573
     527
     547
     551
     580
     532
     568
     572
     543
     554
     560
     524
     549
     539
     490
     556
     588
     560
     533
     539
     561
     565
     576
     564
     556
     543
     554
     542
     581
     536
     531
     530
     574
     489
     538
     536
     546
     550
     547
     587
     525
     559
     570
     558
     553
     555
     562
     534
     539
     573
     564
     568
     542
     565
     531
     484
     570
     508
     586
     539
     509
     528
     502
     536
     513
     529
     501
     538
     523
     524
     504
     504
     518
     498
     512
     506
     517
     537
     522
     478
     510
     510
     503
     511
     528
     528
     529
     503
     496
     536
     465
     488
     461
     485
     512
     465
     514
     487
     477
     521
     476
     465
     481
     447
     490
     473
     442
     467
     421
     459
     503
     444
     419
     472
     463
     507
     451
     426
     454
     434
     466
     477
     476
     460
     479
     470
     397
     441
     438
     463
     417
     466
     434
     394
     419
     433
     437
     387
     435
     426
     420
     466
     434
     414
     411
     389
     416
     415
     394
     419
     457
     428
     446
     387
     399
     423
     406
     429
     400
     419
     398
     407
     406
     400
     429
     379
     398
     397
     378
     372
     426
     381
     402
     408
     390
     392
     406
     392
     386
     398
     393
     398
     398
     393
     377
     407
     405
     385
     369
     372
     407
     387
     397
     392
     396
     361
     390
     391
     389
     377
     348
     373
     387
     342
     355
     372
     372
     350
     356
     327
     374
     415
     390
     348
     395
     382
     401
     350
     382
     377
     395
     398
     365
     353
     360
     364
     359
     375
     364
     338
     384
     377
     366
     364
     362
     355
     359
     393
     363
     373
     358
     396
     404
     356
     372
     336
     354
     340
     353
     375
     358
     412
     414
     330
     331
     364
     379
     331
     348
     356
     392
     345
     364
     349
     377
     347
     355
     389
     380
     364
     376
     350
     389
     378
     318
     345
     370
     360
     380
     365
     358
     353
     346
     350
     345
     355
     353
     364
     314
     357
     361
     356
     319
     350
     341
     334
     311
     333
     353
     350
     371
     323
     332
     353
     373
     334
     387
     350
     359
     387
     344
     367
     364
     343
     354
     352
     348
     351
     359
     350
     317
     319
     353
     365
     347
     344
     326
     294
     325
     347
     326
     337
     352
     310
     351
     320
     350
     343
     367
     371
     308
     348
     332
     322
     319
     304
     332
     346
     338
     347
     353
     318
     322
     317
     311
     308
     345
     327
     317
     373
     350
     358
     346
     303
     350
     324
     315
     353
     336
     308
     322
     366
     301
     334
     330
     314
     318
     341
     340
     361
     315
     334
     309
     320
     305
     350
     309
     335
     322
     344
     322
     335
     330
     304
     328
     318
     320
     321
     324
     337
     318
     269
     321
     299
     323
     325
     328
     361
     309
     335
     321
     310
     331
     297
     293
     306
     320
     338
     325
     317
     306
     321
     345
     355
     288
     321
     299
     316
     298
     327
     311
     292
     324
     313
     308
     313
     327
     316
     329
     330
     325
     295
     307
     330
     290
     308
     319
     316
     332
     339
     297
     320
     313
     313
     320
     337
     303
     314
     320
     312
     349
     303
     315
     320
     310
     334
     256
     290
     303
     319
     313
     338
     337
     281
     327
     297
     293
     290
     303
     313
     303
     308
     300
     274
     314
     316
     296
     319
     317
     301
     295
     285
     297
     287
     311
     302
     316
     267
     300
     300
     309
     260
     305
     314
     319
     299
     327
     318
     315
     306
     308
     330
     312
     263
     321
     305
     273
     289
     294
     323
     283
     298
     255
     271
     329
     335
     277
     283
     321
     282
     311
     316
     265
     300
     313
     340
     322
     337
     279
     325
     278
     294
     304
     313
     334
     322
     281
     316
     316
     297
     289
     328
     286
     315
     329
     291
     298
     260
     318
     266
     306
     293
     274
     302
     276
     286
     310
     321
     318
     290
     271
     314
     270
     308
     294
     295
     312
     307
     290
     283
     261
     325
     273
     295
     307
     314
     302
     292
     293
     260
     265
     284
     305
     272
     281
     298
     277
     275
     316
     279
     267
     277
     300
     314
     307
     312
     312
     265
     310
     273
     301
     265
     324
     272
     243
     284
     288
     281
     290
     300
     285
     314
     296
     318
     302
     272
     271
     298
     292
     318
     293
     291
     283
     315
     270
     306
     285
     285
     316
     327
     309
     342
     330
     289
     286
     320
     294
     280
     309
     282
     312
     311
     341
     317
     323
     335
     318
     290
     332
     321
     306
     318
     278
     324
     308
     293
     318
     317
     292
     305
     307
     327
     322
     322
     309
     301
     309
     339
     297
     328
     302
     289
     298
     311
     278
     346
     340
     317
     359
     314
     325
     318
     312
     367
     310
     319
     314
     352
     310
     300
     290
     334
     308
     316
     309
     303
     335
     338
     340
     328
     324
     373
     351
     346
     359
     296
     333
     337
     373
     327
     297
     307
     349
     333
     343
     325
     309
     311
     338
     294
     334
     305
     333
     317
     343
     325
     312
     337
     352
     345
     322
     350
     324
     304
     343
     323
     322
     328
     333
     311
     312
     303
     342
     352
     306
     319
     311
     338
     318
     292
     322
     331
     311
     301
     310
     334
     315
     329
     335
     316
     338
     329
     321
     347
     301
     301
     329
     327
     288
     308
     361
     301
     311
     317
     338
     302
     334
     315
     268
     333
     296
     320
     293
     271
     311
     340
     310
     308
     278
     319
     326
     264
     316
     283
     316
     260
     266
     290
     281
     253
     291
     323
     270
     297
     322
     288
     277
     262
     285
     271
     290
     293
     292
     264
     271
     273
     318
     259
     294
     286
     279
     248
     252
     272
     277
     305
     294
     260
     289
     289
     263
     262
     264
     279
     296
     277
     273
     257
     270
     265
     261
     245
     265
     279
     288
     265
     237
     248
     261
     243
     239
     232
     260
     256
     276
     246
     250
     255
     260
     260
     229
     255
     257
     236
     237
     222
     270
     220
     258
     259
     232
     250
     249
     264
     262
     236
     248
     245
     209
     246
     257
     238
     238
     275
     260
     237
     230
     242
     266
     245
     249
     238
     234
     250
     256
     221
     240
     255
     218
     213
     259
     242
     246
     227
     235
     272
     236
     237
     283
     233
     236
     274
     235
     206
     239
     237
     201
     223
     239
     244
     235
     244
     236
     282
     251
     250
     256
     216
     223
     223
     250
     220
     238
     248
     226
     266
     280
     258
     238
     236
     250
     197
     261
     220
     228
     250
     222
     231
     248
     225
     228
     221
     235
     230
     238
     242
     285
     249
     209
     228
     248
     242
     255
     234
     228
     258
     251
     247
     227
     225
     258
     257
     239
     232
     258
     265
     241
     231
     221
     226
     252
     246
     242
     274
     255
     242
     259
     240
     288
     259
     259
     238
     238
     254
     280
     286
     229
     214
     265
     257
     255
     255
     222
     257
     236
     244
     273
     247
     253
     251
     264
     241
     250
     243
     277
     296
     226
     220
     274
     262
     235
     220
     241
     235
     262
     246
     285
     276
     271
     239
     241
     280
     249
     266
     235
     259
     240
     253
     279
     287
     258
     256
     253
     278
     266
     269
     263
     268
     269
     280
     264
     262
     241
     265
     259
     241
     273
     267
     266
     287
     276
     284
     269
     296
     268
     257
     294
     254
     290
     273
     261
     274
     284
     284
     260
     267
     255
     248
     283
     280
     277
     277
     303
     281
     311
     262
     277
     268
     282
     284
     280
     274
     271
     258
     278
     279
     287
     275
     258
     289
     274
     277
     300
     308
     280
     280
     286
     291
     279
     273
     291
     247
     255
     283
     281
     277
     299
     291
     267
     281
     281
     286
     311
     301
     263
     292
     299
     305
     298
     284
     277
     271
     260
     290
     286
     294
     298
     278
     264
     290
     255
     306
     293
     261
     272
     316
     293
     296
     281
     298
     312
     273
     301
     281
     266
     247
     289
     277
     293
     252
     291
     270
     299
     266
     282
     266
     270
     287
     272
     281
     263
     284
     252
     291
     285
     294
     259
     309
     293
     266
     278
     255
     257
     274
     257
     238
     246
     262
     252
     280
     273
     271
     265
     277
     273
     276
     273
     254
     251
     257
     279
     268
     269
     277
     252
     265
     267
     292
     269
     270
     280
     277
     276
     248
     278
     267
     263
     235
     258
     263
     278
     273
     267
     269
     270
     286
     240
     243
     261
     246
     231
     275
     240
     255
     265
     248
     255
     241
     269
     250
     250
     264
     241
     238
     255
     237
     260
     246
     233
     279
     247
     274
     305
     266
     253
     231
     231
     250
     250
     271
     264
     257
     253
     219
     247
     243
     260
     260
     227
     246
     229
     264
     234
     258
     259
     259
     252
     247
     272
     246
     270
     265
     270
     247
     230
     224
     244
     259
     268
     263
     248
     257
     227
     255
     224
     247
     262
     266
     251
     270
     258
     255
     231
     269
     260
     255
     249
     226
     263
     278
     225
     271
     279
     260
     252
     243
     242
     243
     246
     251
     266
     280
     286
     275
     261
     266
     260
     284
     247
     265
     258
     245
     287
     244
     270
     228
     252
     263
     276
     272
     278
     262
     268
     263
     286
     296
     272
     265
     268
     276
     273
     267
     262
     266
     265
     300
     280
     265
     298
     224
     263
     272
     260
     267
     261
     271
     280
     279
     291
     247
     271
     263
     292
     260
     247
     257
     262
     267
     300
     266
     284
     285
     274
     278
     257
     261
     264
     274
     266
     274
     260
     265
     264
     276
     267
     247
     292
     254
     247
     249
     265
     263
     283
     316
     278
     257
     254
     273
     262
     288
     258
     279
     280
     245
     250
     262
     230
     228
     268
     272
     278
     273
     274
     218
     257
     282
     259
     255
     271
     287
     235
     261
     259
     248
     249
     224
     274
     251
     268
     230
     286
     239
     283
     240
     246
     252
     247
     238
     284
     235
     267
     228
     224
     226
     249
     249
     204
     247
     233
     204
     246
     225
     240
     221
     217
     253
     226
     214
     216
     210
     207
     208
     228
     236
     230
     227
     209
     203
     222
     226
     226
     212
     204
     206
     214
     211
     210
     213
     202
     212
     217
     195
     217
     201
     214
     196
     187
     206
     203
     217
     189
     221
     202
     198
     194
     189
     191
     176
     193
     203
     190
     178
     194
     201
     188
     160
     180
     173
     160
     167
     195
     192
     185
     185
     201
     176
     194
     187
     176
     201
     179
     206
     183
     178
     174
     177
     164
     188
     178
     175
     172
     168
     162
     176
     179
     169
     183
     163
     165
     173
     158
     175
     172
     183
     176
     190
     175
     164
     169
     158
     163
     154
     160
     186
     189
     189
     148
     144
     171
     166
     172
     166
     167
     188
     168
     175
     166
     178
     139
     149
     148
     178
     155
     170
     210
     176
     178
     171
     155
     182
     144
     162
     182
     148
     179
     178
     186
     175
     191
     167
     170
     169
     152
     158
     154
     145
     154
     151
     175
     164
     162
     171
     171
     153
     177
     162
     148
     150
     152
     151
     178
     175
     162
     159
     155
     150
     173
     184
     141
     150
     174
     149
     168
     153
     168
     160
     163
     169
     165
     153
     157
     159
     167
     180
     150
     161
     167
     169
     139
     163
     182
     156
     175
     160
     151
     159
     160
     164
     190
     175
     185
     140
     176
     161
     170
     172
     153
     141
     159
     162
     155
     182
     158
     181
     140
     185
     152
     160
     145
     160
     151
     147
     151
     163
     140
     173
     174
     160
     169
     144
     141
     191
     174
     143
     161
     156
     153
     147
     167
     181
     150
     187
     156
     155
     175
     142
     171
     159
     137
     182
     155
     158
     172
     155
     153
     166
     151
     135
     141
     171
     150
     158
     157
     154
     154
     156
     136
     145
     164
     170
     167
     170
     162
     166
     153
     147
     161
     135
     151
     162
     164
     143
     152
     167
     145
     174
     157
     154
     156
     147
     155
     158
     163
     147
     171
     166
     166
     153
     187
     161
     173
     154
     133
     137
     157
     154
     132
     159
     175
     146
     143
     144
     159
     152
     158
     155
     152
     161
     153
     136
     162
     165
     164
     145
     167
     158
     161
     154
     156
     147
     152
     155
     141
     161
     155
     129
     150
     148
     152
     160
     141
     171
     157
     160
     147
     173
     164
     114
     146
     138
     143
     153
     155
     141
     169
     139
     136
     162
     150
     166
     163
     141
     147
     140
     165
     143
     152
     150
     143
     147
     150
     140
     170
     135
     141
     163
     137
     150
     157
     139
     137
     158
     151
     160
     138
     169
     154
     168
     137
     143
     156
     170
     134
     162
     134
     141
     167
     134
     143
     141
     158
     149
     149
     171
     131
     163
     158
     137
     134
     144
     158
     161
     142
     147
     149
     180
     154
     140
     150
     164
     172
     149
     134
     146
     157
     131
     173
     174
     134
     137
     127
     158
     151
     130
     155
     141
     146
     149
     158
     148
     150
     165
     148
     136
     156
     134
     157
     166
     136
     134
     145
     158
     140
     147
     155
     122
     170
     158
     134
     128
     136
     120
     152
     137
     124
     150
     138
     141
     123
     126
     126
     161
     151
     156
     129
     152
     151
     147
     142
     162
     146
     118
     149
     133
     136
     145
     136
     141
     130
     137
     132
     145
     131
     134
     129
     127
     145
     141
     140
     131
     145
     147
     135
     145
     124
     130
     138
     145
     136
     141
     140
     144
     153
     125
     155
     134
     132
     149
     138
     142
     138
     146
     126
     126
     127
     122
     126
     135
     137
     137
     139
     148
     150
     130
     133
     142
     123
     131
     125
     123
     144
     133
     141
     133
     122
     152
     133
     151
     134
     125
     140
     147
     127
     157
     134
     108
     121
     139
     131
     126
     146
     144
     126
     141
     142
     117
     128
     128
     133
     142
     145
     134
     130
     127
     131
     112
     163
     120
     129
     108
     127
     156
     126
     156
     142
     126
     157
     127
     143
     132
     133
     135
     131
     121
     122
     147
     156
     121
     127
     120
     144
     147
     139
     109
     124
     121
     127
     126
     136
     127
     130
     128
     126
     133
     148
     160
     125
     131
     137
     147
     131
     157
     129
     158
     122
     135
     144
     128
     131
     110
     131
     131
     134
     137
     128
     126
     114
     138
     135
     151
     123
     138
     112
     156
     134
     137
     136
     152
     139
     123
     165
     132
     146
     129
     135
     149
     111
     114
     140
     137
     128
     138
     128
     128
     115
     143
     127
     139
     130
     125
     150
     120
     124
     131
     131
     151
     150
     118
     127
     141
     146
     115
     142
     128
     132
     123
     132
     140
     125
     116
     138
     147
     132
     149
     127
     117
     127
     141
     131
     149
     151
     135
     132
     149
     136
     146
     143
     143
     126
     153
     140
     121
     111
     115
     115
     147
     110
     140
     130
     115
     118
     145
     142
     109
     128
     151
     137
     147
     152
     127
     133
     133
     127
     127
     138
     132
     138
     144
     118
     137
     158
     133
     122
     120
     112
     143
     125
     139
     111
     135
     123
     117
     149
     145
     119
     138
     132
     135
     158
     139
     123
     146
     110
     137
     132
     119
     123
     133
     135
     134
     118
     150
     123
     132
     118
     133
     128
     137
     133
     147
     110
     158
     155
     120
     124
     117
     127
     134
     121
     122
     127
     123
     130
     136
     119
     125
     141
     134
     118
     151
     124
     144
     130
     131
     139
     134
     131
     135
     137
     123
     123
     139
     135
     127
     147
     119
     157
     136
     153
     136
     142
     125
     139
     152
     134
     138
     136
     134
     118
     139
     135
     136
     130
     124
     127
     111
     131
     141
     134
     106
     143
     137
     133
     127
     139
     121
     143
     116
     155
     122
     149
     123
     121
     127
     145
     128
     132
     138
     143
     145
     154
     112
     127
     124
     135
     134
     132
     126
     127
     121
     137
     135
     132
     114
     144
     123
     121
     169
     144
     119
     124
     130
     127
     133
     124
     130
     130
     138
     130
     128
     148
     118
     112
     133
     121
     139
     138
     128
     127
     124
     132
     144
     137
     133
     130
     124
     129
     115
     150
     172
     135
     139
     125
     145
     147
     149
     144
     153
     141
     126
     134
     144
     147
     122
     120
     141
     130
     142
     128
     130
     135
     134
     139
     125
     147
     114
     126
     108
     101
     138
     151
     132
     143
     137
     143
     125
     133
     140
     132
     130
     114
     143
     136
     129
     136
     118
     133
     141
     142
     148
     138
     132
     119
     135
     133
     145
     132
     139
     124
     154
     140
     136
     113
     132
     127
     155
     123
     127
     134
     135
     131
     137
     141
     127
     133
     125
     150
     169
     126
     133
     137
     140
     132
     122
     146
     119
     139
     139
     129
     131
     147
     118
     134
     127
     125
     126
     129
     139
     129
     130
     139
     123
     124
     141
     129
     142
     165
     134
     137
     142
     135
     154
     142
     116
     135
     147
     160
     135
     135
     138
     131
     153
     138
     119
     136
     157
     124
     116
     126
     134
     135
     148
     117
     133
     129
     147
     144
     128
     134
     136
     150
     120
     153
     144
     142
     116
     140
     112
     138
     102
     131
     131
     132
     144
     124
     136
     136
     132
     123
     132
     141
     121
     141
     154
     128
     148
     132
     157
     134
     131
     125
     142
     162
     139
     125
     142
     129
     109
     115
     127
     139
     134
     128
     136
     129
     138
     135
     152
     140
     148
     127
     138
     128
     128
     126
     126
     130
     119
     138
     139
     107
     135
     130
     135
     126
     124
     115
     128
     125
     127
     123
     124
     123
     133
     135
     114
     143
     113
     140
     127
     121
     115
     117
     116
     130
     101
     127
     127
     140
     112
     137
     124
     129
     125
     132
     143
     144
     128
     119
     125
     150
     124
     157
     132
     149
     126
     117
     109
     119
     122
     142
     118
     146
     114
     125
     114
     104
     130
     130
     134
     111
     116
     134
     129
     110
     129
     130
     124
     144
     126
     124
     132
     130
     120
     132
     134
     125
     122
     149
     124
     118
     127
     134
     113
     129
     155
     126
     131
     119
     125
     130
     114
     130
     109
     133
     117
     128
     119
     145
     124
     133
     121
     123
     127
     129
     129
     132
     112
     124
     106
     116
     101
     129
     108
     111
     121
     123
     121
     112
     139
     105
     121
     118
     133
     126
     124
     104
     105
     129
     114
     132
     135
     131
     136
     110
     131
     133
     108
     144
     127
     123
     129
     123
     126
     123
     112
     126
     119
     118
     112
     136
     120
     117
     115
     127
     124
     140
     122
     107
     121
     143
     109
     137
     126
     110
     127
     106
     107
     138
     105
     119
     124
     114
     122
     108
     119
     129
     129
     115
     101
     120
     118
     114
     115
     124
     123
     117
     116
     116
     139
     123
     123
     134
     117
     107
      99
     131
     101
      98
     121
     127
     120
     106
     121
     118
     113
     119
     101
     122
     135
     109
     114
     137
      96
     108
     126
     115
      89
     125
     117
     113
     115
     101
      96
     104
     129
     124
     132
     117
     107
      93
     112
     104
     108
     128
     104
     103
     116
     148
     102
     105
     103
     112
     119
      98
     105
     112
     111
     120
     117
     104
     112
     106
     117
     121
     100
     106
     116
      86
     133
     115
     113
     109
     108
     103
     114
     111
     104
     115
     134
      96
     117
     134
     106
     106
     127
     110
     100
     114
     108
     121
     128
     119
     106
     111
     118
     109
     112
     114
     133
     108
      88
     121
     111
     115
     110
      98
     105
     102
      92
     113
     103
      89
     110
     114
     123
     111
      81
     123
     114
      92
     116
      91
     102
      95
      89
     107
     114
     115
     105
     102
      92
     112
     103
     114
     112
     101
      96
     108
     107
      99
      89
     102
     106
      97
     104
     104
      97
      92
     107
     115
     113
     104
      82
     111
      99
     115
     102
     101
     106
     104
     111
      87
     107
     111
     111
      98
     105
      90
     101
      96
     105
      95
      94
     102
      99
      93
     104
      96
      99
     118
     106
     117
     103
      94
      97
     125
     116
      91
     112
     106
      95
     109
     108
     108
     102
      98
      91
      97
     104
      93
     101
     101
     103
     103
      80
     100
     103
      95
      90
      93
     107
     106
      92
     102
      95
      85
      96
     124
     103
      95
     107
     112
      75
      89
     106
     102
     100
     106
      82
     106
     116
      87
     110
     103
     102
      90
     108
      89
     120
      99
      87
      83
     106
     100
     111
     109
     114
      84
     103
     108
      86
     108
     104
      94
      88
      82
      96
      93
      94
     104
      94
     106
     127
      89
     101
     103
      97
      96
     102
      84
     110
      96
     107
      89
     102
     109
      98
      97
     121
     110
     100
      90
      99
      94
     105
     103
     103
     106
     117
     108
     120
     100
     108
      80
      97
     105
      95
      94
      95
     107
     103
      90
      98
      96
      95
      86
     120
      90
     105
     105
      95
     102
     137
     105
      95
     101
     100
      95
     106
     120
      91
     102
     109
     113
     102
      95
     109
     104
     101
      94
     102
      91
      96
      99
     100
     101
      93
     102
      83
      89
     111
     106
     103
      91
      95
      96
      98
     110
      94
     101
     109
      99
     106
      89
     119
     102
     107
     106
     103
      91
      87
      94
     104
     105
     101
     103
      93
      99
     104
      90
      99
      94
     117
     107
     112
      92
      98
      94
      99
     106
     104
     115
     116
     121
     107
      97
     108
     115
     103
     113
      97
     107
     117
     115
     110
     108
      83
      91
     123
     107
      95
     105
      94
     110
      93
      97
      96
     129
     105
      97
     109
      94
     128
     107
     106
      90
     109
     119
     123
     101
     102
      92
      98
     114
     105
     105
     106
     119
     101
     114
     102
     103
     113
     103
     121
     110
     122
     119
     117
     118
     105
      99
     118
      83
      99
      99
     118
     107
      80
     125
      95
     106
     121
     104
      93
     110
     120
      99
     113
     106
     105
      89
     110
      90
     122
      96
      83
     125
      89
     105
     102
     105
     103
     117
     120
     120
     100
      90
      98
     115
     110
     113
      97
     118
     113
     129
     101
     116
      94
     105
     116
     116
     117
     120
     105
      94
      93
     112
     119
      98
     110
     102
     108
     116
     102
     113
     102
     114
      97
     115
     128
     137
     110
     135
     117
     105
     115
     118
     110
     106
     107
     114
     103
     112
     126
      98
     117
     109
     109
     118
     110
     112
     126
     135
     101
     129
     113
     103
     114
     114
     105
     117
     108
     106
     121
     117
     122
     107
     108
     104
     115
      89
     118
     111
     116
     109
     124
     133
     128
     104
     108
     118
     106
     124
     116
     101
     103
     118
     118
     114
     111
     134
     105
     115
     117
     116
     119
     116
     108
      96
      96
     109
     112
     131
     101
     118
     110
      99
     113
     109
     114
     114
     113
      98
     104
     111
     104
     117
     109
     117
      94
     124
     103
     100
     126
     126
     112
     100
     103
     106
     110
     115
     115
     106
      98
     117
     109
     102
     111
     111
     122
     131
     108
     113
     114
     113
     112
     102
     100
     126
     106
      98
     121
     122
      97
     114
     117
      97
      98
     102
     104
     100
      95
     143
     129
     109
      94
     102
     109
     107
     100
     110
     105
     117
     105
     112
     120
     115
     113
     123
      88
     101
     109
      98
     107
     100
     111
      99
     115
     120
     118
     112
     102
     103
     112
     112
     119
      99
     104
     118
     141
     113
     101
      90
      83
     102
      92
     111
      94
      93
     114
     111
      94
     111
     113
     114
     109
      98
     110
     104
      90
     102
     121
      98
      92
     110
      90
     101
      99
     104
      98
      92
     101
      98
      96
     107
     105
      93
     100
      86
     131
      83
     119
     106
      87
      98
     120
      99
     107
     103
     106
     113
     106
      94
     111
      95
     115
      98
      90
      99
      95
      91
     111
     102
     101
     109
     105
      87
     101
      91
     121
     103
      98
     113
     113
     105
      96
     111
     113
     129
      98
      87
      90
      91
      92
     117
     114
     103
     109
     102
      89
      89
      97
      97
      90
      95
     106
      99
     105
     101
      88
      98
     107
      83
      99
     110
      98
     102
     116
     105
     102
      95
     105
     105
      92
     105
      97
     104
     116
     102
      99
     108
      93
     106
      96
      95
     113
     119
     114
     106
     100
      87
      88
     102
      95
     113
      96
      88
     103
     107
      97
     105
     121
     114
     124
     117
     117
     101
      97
     108
     107
     114
      94
     107
     112
     104
     128
     104
     101
      99
     117
     111
     107
     111
     116
     112
     128
     110
     118
     122
     117
     105
     127
     109
     113
     128
     101
     112
     122
     121
     118
      97
     140
     106
     128
     113
     129
     128
     122
     116
     126
     118
     130
     107
     142
     136
     136
     165
     153
     172
     190
     173
     196
     193
     213
     249
     269
     315
     329
     378
     384
     403
     450
     509
     568
     551
     652
     716
     751
     811
     855
     947
     992
    1029
    1076
    1107
    1237
    1258
    1296
    1298
    1339
    1370
    1335
    1395
    1488
    1469
    1514
    1490
    1529
    1539
    1583
    1504
    1530
    1525
    1532
    1629
    1580
    1451
    1506
    1473
    1430
    1393
    1439
    1319
    1364
    1326
    1273
    1176
    1227
    1128
    1170
    1101
    1111
    1112
     978
     950
     898
     879
     817
     748
     719
     735
     685
     567
     619
     518
     514
     513
     482
     439
     383
     382
     376
     357
     308
     332
     296
     281
     312
     275
     266
     250
     270
     260
     227
     229
     211
     230
     236
     223
     193
     211
     182
     211
     181
     212
     181
     189
     203
     196
     198
     164
     168
     174
     163
     185
     170
     190
     175
     151
     173
     191
     158
     173
     171
     170
     186
     162
     170
     163
     182
     166
     166
     150
     169
     157
     173
     163
     167
     151
     147
     149
     162
     149
     166
     142
     154
     159
     158
     144
     131
     153
     144
     158
     147
     149
     137
     179
     141
     154
     157
     172
     165
     147
     146
     146
     150
     153
     134
     126
     142
     168
     149
     150
     121
     129
     165
     164
     163
     135
     126
     131
     150
     129
     163
     158
     159
     148
     145
     135
     145
     141
     136
     123
     171
     124
     154
     146
     142
     139
     132
     130
     131
     124
     124
     142
     134
     158
     129
     145
     124
     133
     124
     136
     138
     146
     120
     143
     121
     134
     124
     136
     153
     134
     129
     123
     118
     133
     129
     123
     129
     142
     115
     126
     124
     159
     137
     152
     111
     123
     117
     140
     110
     115
     120
     134
     113
     155
     131
     126
     136
     123
     127
     140
     129
     142
     124
     128
     120
     138
     139
     137
     130
     121
     119
     132
     135
     129
     128
     121
     128
     136
     149
     124
     145
     132
     128
     117
     124
     131
     104
     145
     112
     144
     128
     119
     118
     132
     124
     147
     120
     129
     116
     107
     129
     128
     131
     102
     140
     125
     121
     118
     139
     125
     118
     114
     111
     129
     127
     120
     115
      90
     101
     149
     115
     129
     112
     129
     132
     120
     124
     124
     104
     122
     107
     134
     143
     119
     130
     108
     122
     118
     122
     112
     119
     157
     117
     109
      97
     118
     126
     126
     121
     115
     134
     104
     117
     126
     107
     119
     137
     113
     132
     123
     130
     113
     115
     112
     112
      98
     119
     107
     128
     114
     148
     122
     121
     109
     109
     108
      92
     121
     125
     122
     114
      98
     104
     108
     112
     109
     105
     113
     131
     120
     112
     119
     104
     102
      92
     116
     102
     112
     105
      89
     107
     126
     126
     102
     120
     106
     128
     120
     101
      98
     110
     114
     101
      97
      93
     117
     110
     121
     125
     110
     101
      95
     102
     112
     125
     112
     114
     112
     104
     104
     110
     114
     106
     117
     115
     123
      94
      92
     108
     108
     103
      99
     107
      94
      88
     105
      99
     107
      93
     101
     114
     111
     105
     107
     117
     105
      94
     101
     101
      95
     105
     110
     104
     104
      94
      91
      96
     120
      88
      99
      98
     100
     116
     107
     130
     114
     111
     120
      92
     108
     100
     115
     111
     110
     104
     119
      87
     113
      98
     133
     101
     101
     104
      93
     103
     109
     112
     105
     105
     100
     114
     114
     100
     118
      85
     102
     104
      96
      90
      97
      95
     122
     107
      90
     125
      98
      98
      86
     128
     105
     101
     127
      81
     108
     102
     133
     108
      96
     102
      91
     113
     107
      91
     113
      92
     112
     131
     105
      99
     102
     108
     121
      86
     114
     103
     111
     110
     104
      83
     101
     108
     115
      82
      97
      97
     111
     106
     104
     115
      87
      97
     129
     118
     104
      89
     105
     115
     108
     115
     110
     111
     104
     103
     107
     106
     109
     115
      94
      95
     105
     118
     117
     101
     109
      85
      93
     119
      99
      89
      90
      94
     107
     104
     104
     114
     118
     100
     101
     112
     107
     132
     126
     115
     105
      94
     111
     107
     116
     112
     105
     110
     112
      89
      96
     107
     112
     123
     100
     100
     118
     114
     100
     102
      82
     117
     104
     128
      94
     114
     111
     110
     109
      99
     117
     111
     102
     107
     120
      97
     113
      93
      93
      98
     131
     122
     104
      93
     113
     127
     109
      99
     116
      93
      86
     110
     112
     115
     123
     118
     111
     107
     118
     117
      86
     110
     118
     106
     102
     114
     126
     123
     107
     126
     100
     102
     125
     111
     108
     107
      81
     110
     123
     110
     128
     102
     103
     109
     106
     109
     109
      95
     126
     113
      99
     115
     127
     100
     114
     103
     116
      96
      91
     109
     102
     107
     122
     102
     123
     108
     116
      97
     114
     122
     128
     110
     120
     115
     132
     114
      96
     120
     105
     113
     121
     120
     116
     112
     117
     115
     105
     111
      91
      99
     124
     132
     116
     121
     130
     120
     105
     116
     132
      93
     112
     114
     130
     110
     106
     108
     115
     104
     120
     121
     126
     120
     127
     112
     118
     121
     101
     116
     102
     118
     113
     122
     130
     109
     111
     109
     137
     122
     126
     117
     120
     118
     125
     117
     124
     120
     102
     111
     131
     120
     106
     113
     121
     128
     136
     117
     122
     124
     104
     134
     126
     129
     127
     134
     111
     113
     104
     109
     124
     117
     137
     124
     132
     116
     115
     115
     135
     136
     128
     118
     146
     140
     113
     135
     153
     120
     126
     137
     124
     132
     141
     110
     136
     133
     117
     125
     124
     139
     113
     121
     130
     128
     159
     137
     122
     129
     134
     149
     143
     131
     141
     133
     140
     138
     135
     135
     135
     139
     130
     133
     131
     143
     141
     156
     144
     119
     144
     142
     164
     161
     138
     146
     145
     148
     128
     132
     149
     160
     148
     190
     150
     144
     155
     141
     152
     144
     160
     128
     143
     159
     141
     143
     173
     183
     160
     155
     130
     163
     157
     161
     170
     177
     159
     171
     170
     165
     184
     168
     151
     153
     162
     173
     163
     155
     158
     175
     152
     170
     172
     178
     176
     192
     181
     175
     168
     190
     185
     172
     183
     173
     179
     172
     181
     179
     179
     183
     190
     186
     201
     210
     191
     180
     184
     197
     176
     191
     191
     178
     179
     209
     218
     195
     201
     192
     188
     217
     199
     199
     180
     234
     215
     222
     196
     199
     202
     215
     198
     203
     194
     215
     190
     211
     215
     221
     232
     209
     214
     217
     186
     194
     205
     228
     241
     204
     247
     215
     223
     223
     197
     202
     263
     226
     234
     221
     229
     243
     227
     211
     228
     231
     226
     229
     198
     219
     227
     220
     203
     241
     238
     253
     243
     213
     207
     241
     242
     235
     219
     266
     233
     244
     251
     220
     217
     240
     208
     225
     219
     231
     237
     230
     238
     255
     217
     224
     218
     200
     257
     206
     221
     255
     206
     200
     236
     231
     214
     243
     224
     213
     232
     240
     241
     221
     218
     217
     214
     237
     205
     206
     212
     208
     188
     215
     212
     239
     197
     238
     237
     238
     209
     223
     197
     218
     225
     196
     202
     198
     196
     212
     222
     187
     225
     207
     210
     227
     217
     199
     213
     208
     185
     204
     206
     181
     199
     200
     194
     189
     221
     197
     172
     179
     182
     183
     211
     184
     192
     181
     194
     181
     199
     186
     181
     185
     178
     186
     176
     184
     173
     168
     179
     159
     164
     162
     165
     155
     191
     190
     177
     160
     178
     164
     150
     160
     159
     157
     176
     134
     137
     161
     142
     143
     143
     154
     137
     162
     162
     156
     147
     154
     146
     147
     145
     145
     136
     131
     132
     162
     154
     151
     159
     106
     154
     126
     144
     121
     124
     155
     163
     135
     133
     137
     134
     142
     131
     140
     143
     144
     140
     123
     131
     138
     120
     126
     137
     129
     154
     140
     123
     125
     121
     123
     136
     146
     140
     127
     125
     114
     133
     141
     130
     125
     149
     148
     133
     148
     126
     149
     120
     118
     138
     145
     132
     135
     135
     140
     120
     138
     117
     113
     143
     158
     114
     137
     143
     129
     121
     143
     131
     126
     151
     105
     131
     127
     133
     127
     146
     143
     117
     126
     126
     127
     130
     138
     139
     124
     116
     132
     148
     149
     146
     139
     132
     147
     148
     139
     135
     129
     143
     152
     129
     138
     148
     119
     137
     127
     134
     130
     136
     136
     140
     142
     156
     136
     148
     165
     151
     138
     140
     135
     132
     135
     152
     166
     156
     146
     137
     137
     170
     145
     156
     145
     149
     153
     144
     145
     149
     147
     165
     150
     151
     147
     154
     157
     155
     160
     130
     161
     156
     134
     157
     174
     170
     145
     177
     170
     142
     159
     146
     166
     159
     159
     172
     176
     175
     184
     143
     155
     175
     158
     141
     177
     182
     154
     155
     172
     175
     157
     167
     182
     167
     192
     162
     165
     170
     172
     148
     179
     170
     164
     200
     186
     164
     183
     191
     183
     169
     160
     193
     197
     173
     182
     193
     172
     203
     190
     186
     165
     196
     164
     193
     180
     186
     169
     194
     188
     193
     175
     170
     193
     167
     170
     181
     191
     164
     208
     175
     171
     198
     169
     203
     186
     161
     226
     194
     183
     203
     184
     166
     171
     169
     189
     191
     177
     165
     190
     168
     179
     184
     207
     178
     186
     198
     159
     195
     178
     168
     202
     188
     168
     166
     186
     190
     189
     201
     172
     178
     171
     193
     184
     185
     183
     194
     170
     190
     205
     180
     171
     169
     167
     174
     173
     163
     184
     160
     174
     166
     178
     161
     173
     162
     157
     148
     161
     169
     148
     194
     193
     181
     169
     189
     172
     166
     156
     150
     171
     166
     161
     163
     165
     159
     152
     188
     172
     173
     176
     183
     167
     170
     161
     161
     171
     168
     161
     164
     173
     159
     156
     150
     153
     152
     171
     159
     142
     167
     160
     149
     173
     141
     145
     147
     145
     163
     135
     162
     145
     144
     159
     122
     143
     157
     165
     160
     159
     158
     162
     158
     146
     161
     144
     153
     142
     179
     158
     165
     135
     147
     152
     156
     139
     154
     164
     131
     153
     209
     148
     148
     149
     164
     170
     146
     147
     159
     152
     151
     146
     141
     135
     173
     160
     140
     152
     168
     130
     154
     166
     127
     147
     139
     154
     149
     147
     145
     149
     136
     141
     132
     171
     163
     144
     144
     149
     171
     131
     160
     151
     172
     133
     155
     142
     144
     143
     146
     148
     121
     131
     136
     135
     154
     121
     114
     150
     150
     121
     149
     141
     147
     130
     108
     136
     139
     113
     133
     148
     135
     136
     123
     128
     131
     125
     151
     121
     117
     118
     128
     129
     126
     120
     127
     132
     124
     118
     131
     120
      92
     116
     124
     118
     130
     125
     119
     113
     112
     112
     109
     104
     108
     116
     110
     127
      92
     111
     117
     112
      96
     119
     114
      98
     112
     104
     105
     114
     107
     107
      83
      69
      95
      84
     100
     110
     100
      93
      77
     122
      82
      92
     107
      99
      85
     105
     101
      95
      95
      71
      86
      91
      93
      98
      74
      75
     101
     103
      79
      86
      77
      95
      68
      81
      86
      83
      84
      76
      73
      81
      80
      75
      86
      98
      74
      81
      87
      92
      88
      82
      99
      74
      76
      95
      76
      88
      87
      71
      68
      68
      74
      73
      93
      83
      87
      81
      81
      78
      92
      75
      91
      79
      67
      62
      65
      78
      79
      80
      75
      69
      75
      82
      79
      86
      70
      75
      74
      66
      88
      77
      80
      72
      74
      74
      73
      78
      68
      77
      76
      63
      69
      82
      81
      83
      62
      61
      87
      71
      58
      64
      63
      75
      62
      81
      74
      76
      68
      82
      87
      80
      76
      77
      75
      75
      65
      59
      80
      77
      65
      89
      49
      72
      77
      67
      65
      80
      74
      60
      77
      73
      85
      81
      49
      82
      81
      79
      61
      69
      54
      63
      68
      76
      72
      56
      67
      73
      70
     100
      58
      72
      71
      80
      65
      65
      70
      76
      64
      74
      74
      76
      65
      78
      82
      71
      59
      64
      83
      62
      71
      56
      78
      77
      60
      66
      81
      72
      66
      60
      71
      72
      60
      76
      72
      64
      92
     106
      62
      69
      54
      62
      72
      69
      70
      70
      80
      67
      85
      69
      74
      76
      53
      79
      82
      59
      66
      55
      63
      57
      67
      68
      66
      65
      71
      60
      84
      68
      69
      82
      77
      63
      79
      77
      57
      65
      83
      83
      64
      74
      71
      77
      84
      70
      73
      72
      67
      73
      69
      74
      74
      84
      75
      92
      66
      70
      66
      64
      79
      80
      69
      74
      82
      74
      74
      81
      86
      84
      78
      83
      64
      73
      69
      66
      80
      87
      80
      92
      70
      79
      80
      80
      91
      84
      71
      89
      83
      78
      74
      91
      84
      94
      87
      80
      73
      77
      75
      77
      93
      90
      78
      87
      88
      84
      79
      89
      88
      76
      90
      85
      83
     108
      88
     108
      97
      81
      71
      72
      88
      91
      93
      86
     105
      90
      99
     116
      92
     100
      89
     100
     106
      88
     101
      91
     100
      98
     113
      96
     101
      91
     105
     103
      94
      96
     103
     109
      99
      90
     107
     105
     108
      72
     103
      92
      98
     103
      85
      90
      96
      95
      95
     103
      85
      98
     107
     101
     111
      99
     104
     119
     116
      93
     100
     132
     113
     112
     107
      85
      77
     107
     100
      99
      93
     107
      92
     100
     106
     103
     100
     107
     114
      95
     115
      99
      96
      98
     107
      80
     102
      99
     117
     111
     106
     110
     110
      96
      93
     108
     107
     110
     103
     107
      98
     105
     106
     100
     122
     118
      93
     106
      95
     100
     108
      88
      79
     117
     119
      93
      90
      91
      99
      96
      98
      91
      97
     111
      92
      93
      99
      98
     101
      84
      81
     104
      79
     111
     110
      85
     110
     115
     102
     113
      84
      88
     111
      89
      92
     108
      98
      98
      96
     104
      87
      85
      98
      92
      95
      98
      90
      96
      94
      97
      93
      81
      79
      78
      93
      96
      85
      74
      80
      84
      91
      87
      95
      85
      86
      88
      98
      95
      99
      80
      93
      93
      91
     104
      90
     101
     102
      88
     104
      94
      89
      97
      96
      86
     112
      99
      87
      91
      93
     101
      91
      64
      91
     101
      97
      99
     108
      95
      89
      84
      98
      95
      99
     107
      87
      92
      90
      92
      90
     104
     103
     111
      94
      98
     100
     103
     106
      95
     113
     103
     102
     100
     121
     118
     107
     100
      92
     119
     121
     107
     124
     127
     111
     115
     108
     109
     122
      99
     125
     119
     121
      98
     123
     127
     118
     119
     123
     137
     144
     142
     126
     117
     118
     138
     135
     138
     135
     135
     155
     144
     158
     168
     141
     184
     137
     165
     167
     174
     148
     181
     161
     163
     173
     159
     156
     168
     185
     202
     171
     194
     196
     172
     201
     183
     191
     208
     182
     216
     206
     222
     221
     190
     198
     209
     226
     209
     205
     223
     218
     240
     215
     238
     219
     220
     217
     233
     248
     237
     238
     224
     206
     231
     250
     242
     232
     233
     212
     237
     224
     197
     248
     225
     192
     226
     219
     179
     208
     209
     216
     202
     218
     198
     180
     200
     206
     197
     165
     181
     178
     160
     170
     182
     178
     162
     160
     151
     169
     146
     140
     133
     137
     145
     131
     119
     134
     128
     123
     130
     102
      98
      95
     106
     105
      98
      95
     100
      80
      76
      88
      77
      77
      75
      74
      65
      66
      63
      63
      62
      63
      46
      57
      61
      41
      53
      57
      50
      47
      31
      43
      36
      43
      29
      34
      33
      22
      25
      15
      25
      25
      20
      20
       8
      21
      21
      10
       9
      12
      12
      16
      18
       7
       8
       6
       7
      11
       8
       7
      10
       8
       8
       7
       6
       4
       5
       3
       6
       4
       3
       7
       1
       1
       3
       2
       4
       3
       2
       1
       2
       3
       3
       4
       2
       2
       3
       1
       1
       1
       1
       1
       0
       3
       1
       1
       1
       3
       0
       1
       0
       2
       0
       0
       1
       0
       0
       0
       0
       2
       1
       1
       3
       2
       1
       1
       1
       1
       0
       2
       1
       2
       0
       0
       1
       0
       3
       0
       2
       0
       1
       0
       1
       0
       1
       0
       0
       1
       1
       3
       0
       0
       0
       2
       3
       1
       1
       0
       3
       2
       0
       1
       1
       3
       0
       4
       0
       1
       3
       0
       1
       1
       1
       0
       1
       1
       0
       0
       2
       1
       0
       0
       0
       1
       0
       1
       0
       0
       0
       0
       1
       1
       1
       0
       1
       4
       2
       0
       2
       2
       1
       0
       0
       0
       1
       1
       1
       2
       1
       1
       0
       3
       1
       0
       1
       2
       0
       0
       2
       1
       0
       0
       1
       0
       1
       1
       0
       2
       0
       0
       2
       0
       0
       0
       0
       0
       1
       2
       1
       1
       0
       1
       1
       0
       1
       0
       1
       1
       2
       0
       0
       0
       2
       1
       0
       0
       3
       0
       0
       1
       1
       0
       2
       1
       2
       1
       2
       0
       0
       0
       1
       1
       3
       2
       0
       0
       3
       1
       1
       0
       3
       2
       1
       1
       0
       1
       1
       3
       1
       0
       0
       0
       2
       1
       1
       0
       0
       0
       0
       0
       3
       0
       0
       1
       1
       1
       1
       2
       0
       0
       0
       2
       0
       1
       0
       0
       4
       1
       0
       2
       1
       0
       0
       1
       1
       1
       0
       0
       0
       1
       0
       1
       0
       1
       0
       0
       1
       0
       0
       2
       0
       0
       2
       0
       1
       1
       2
       1
       0
       2
       1
       0
       0
       1
       1
       2
       0
       0
       1
       0
       0
       0
       0
       0
       1
       0
       0
       0
       1
       1
       0
       0
       1
       1
       0
       1
       0
       0
       0
       1
       0
       0
       1
       0
       0
       0
       1
       0
       0
       0
       0
       0
       0
       0
       0
       0
       0
       0
       2
       1
       1
       0
       0
       0
       0
       1
       1
       0
       0
       0
       0
       1
       0
       0
       0
       0
       0
       0
       0
       1
       0
       0
       0
       1
       0
       0
       0
       1
       0
       0
       0
       0
       0
       0
       0
       0
       0
       0
       1
       0
       1
       1
       0
       0
       0
       0
       0
       0
       1
       1
       0
       0
       1
       1
       0
       0
       2
       0
       2
       0
       0
       1
       0
       0
       0
       1
       0
       0
       0
       0
       0
       0
       0
       0
       0
       0
       0
       0
       0
       1
       0
       0
       0
       0
       0
       1
       0
       0
       0
       0
       2
       0
       0
       1
       1
       0
       0
       0
       0
       0
       0
       1
       1
       0
       0
       0
       0
       0
       1
       0
       2
       0
       0
       2
       0
       1
       0
       1
       1
       1
       1
       1
       1
       0
       1
       0
       1
       1
       1
       1
       2
       1
       0
       0
       1
       1
       1
       1
       1
       1
       2
       0
       0
       2
       1
       0
       2
       2
       0
       2
       0
       1
       0
       0
       2
       0
       1
       0
       0
       0
       0
       0
       1
       0
       1
       2
       2
       0
       0
       1
       2
       0
       1
       1
       1
       1
       2
       1
       0
       1
       1
       0
       0
       0
       1
       0
       2
       2
       1
       0
       0
       1
       0
       1
       0
       0
       1
       0
       0
       0
       1
       0
       1
       1
       0
       0
       1
       1
       0
       0
       0
       2
       1
       0
       2
       3
       0
       2
       2
       0
       1
       0
       0
       0
       1
       1
       2
       0
       0
       1
       0
       1
       0
       1
       1
       0
       2
       3
       0
       0
       0
       0
       1
       1
       2
       0
       0
       1
       0
       0
       0
       0
       1
       0
       2
       1
       0
       0
       0
       0
       0
       2
       1
       0
       0
       0
       0
       0
       1
       2
       0
       1
       2
       1
       0
       2
       0
       0
       0
       4
       0
       0
       2
       1
       1
       0
       2
       0
       1
       1
       0
       3
       0
       0