
       1
       0
       0
       1
       1
       1
       0
       0
       0
       2
       0
       1
       1
       1
       3
       1
       2
       2
       0
       3
       1
       1
       3
       3
       7
      28
      84
     123
     245
     341
     322
     348
     363
     386
     392
     418
     460
     502
     538
     548
     634
     679
     812
     828
     894
     847
     858
     840
     838
     857
     860
     858
     848
     793
     925
     999
    1032
    1096
    1104
    1255
    1310
    1413
    1468
    1492
    1509
    1489
    1479
    1516
    1492
    1417
    1424
    1462
    1498
    1383
    1376
    1422
    1390
    1378
    1345
    1348
    1305
    1278
    1222
    1199
    1181
    1125
    1096
    1030
     954
     880
     942
     961
     897
     893
     808
     890
     902
     829
     841
     872
     852
     848
     836
     856
     841
     895
     829
     793
     871
     845
     864
     815
     889
     790
     810
     872
     793
     779
     799
     822
     861
     834
     841
     814
     832
     833
     777
     813
     859
     812
     832
     868
     810
     877
     878
     900
     826
     852
    1010
     848
     886
     941
     907
     883
     887
     912
     885
     848
     943
     965
     946
     895
     920
     864
     894
     931
     949
     954
     919
     940
     896
     941
     900
     912
     960
     916
     906
     954
     958
     951
     905
     979
     946
     961
     874
     921
     875
     850
     902
     876
     874
     874
     880
     855
     880
     863
     908
     870
     921
     807
     879
     896
     874
     905
     909
     826
     924
     911
     989
     930
     926
     961
     961
     935
     972
     980
     948
     958
    1062
    1075
    1064
    1056
    1124
    1134
    1074
    1122
    1207
    1200
    1223
    1255
    1286
    1246
    1279
    1279
    1338
    1284
    1373
    1355
    1383
    1421
    1368
    1375
    1357
    1393
    1411
    1468
    1380
    1416
    1350
    1399
    1362
    1387
    1397
    1357
    1415
    1403
    1305
    1302
    1317
    1284
    1222
    1251
    1216
    1232
    1243
    1140
    1216
    1159
    1186
    1161
    1161
    1123
    1132
    1169
    1098
    1131
    1146
    1093
    1060
    1165
    1105
    1125
    1057
    1104
    1098
    1119
    1180
    1151
    1220
    1181
    1160
    1174
    1140
    1222
    1161
    1177
    1214
    1188
    1215
    1247
    1282
    1213
    1286
    1306
    1310
    1279
    1299
    1328
    1297
    1297
    1305
    1345
    1314
    1439
    1400
    1414
    1413
    1388
    1372
    1471
    1469
    1472
    1411
    1500
    1526
    1579
    1589
    1587
    1594
    1524
    1610
    1631
    1712
    1704
    1695
    1763
    1686
    1767
    1762
    1885
    1890
    1876
    2027
    2024
    1981
    2005
    2030
    2163
    2214
    2242
    2346
    2400
    2380
    2472
    2594
    2695
    2797
    2930
    2966
    3071
    3118
    3213
    3208
    3372
    3457
    3531
    3723
    3749
    4030
    3821
    4027
    4113
    4214
    4133
    4347
    4413
    4479
    4492
    4531
    4651
    4740
    4657
    4671
    4546
    4833
    4756
    4865
    4689
    4641
    4751
    4623
    4721
    4665
    4563
    4344
    4209
    4314
    4288
    4185
    4104
    4040
    4069
    3861
    3903
    3731
    3794
    3708
    3598
    3575
    3445
    3463
    3364
    3416
    3211
    3331
    3068
    3240
    3160
    3135
    3162
    3029
    3072
    2984
    3004
    3091
    3011
    2944
    3037
    3007
    2874
    2968
    2973
    2992
    2830
    2890
    2888
    2938
    2935
    2898
    2728
    2699
    2771
    2771
    2847
    2776
    2718
    2647
    2648
    2565
    2668
    2724
    2600
    2533
    2478
    2527
    2523
    2451
    2453
    2415
    2465
    2365
    2361
    2291
    2336
    2321
    2242
    2178
    2170
    2166
    2183
    2245
    2169
    2127
    2083
    2051
    2166
    2156
    2061
    2003
    2074
    2037
    2016
    2047
    2033
    1981
    1975
    1942
    1803
    1889
    2012
    1819
    1933
    1852
    1775
    1824
    1868
    1952
    1827
    1775
    1882
    1871
    1873
    1842
    1877
    1794
    1807
    1790
    1784
    1743
    1903
    1845
    1801
    1811
    1854
    1850
    1762
    1746
    1807
    1771
    1869
    1812
    1835
    1747
    1904
    1786
    1784
    1730
    1839
    1767
    1824
    1865
    1853
    1841
    1766
    1806
    1878
    1867
    1859
    1871
    1847
    1820
    1902
    1854
    1877
    1823
    1881
    1913
    1820
    1838
    1806
    1886
    1821
    1800
    1912
    1870
    1902
    1892
    1907
    1850
    1789
    1815
    1940
    1840
    1872
    1846
    1848
    1799
    1803
    1831
    1916
    1911
    1832
    1898
    1782
    1886
    1884
    1929
    1957
    1897
    1826
    1906
    1832
    1849
    1902
    1935
    1850
    1865
    1849
    1893
    1839
    1874
    1880
    1880
    1946
    1942
    1920
    1875
    1785
    1912
    1878
    1888
    1874
    1846
    1865
    1898
    1913
    1836
    1957
    1893
    1899
    1853
    1856
    1862
    1910
    1857
    1906
    2009
    1897
    1950
    1894
    1906
    1846
    1919
    1958
    1896
    1857
    1891
    1863
    1915
    1971
    1939
    1882
    1982
    1959
    1899
    1889
    1984
    1904
    1984
    1847
    1864
    1868
    1855
    1912
    1919
    1908
    1895
    1930
    1914
    1846
    1856
    1857
    1901
    1873
    1830
    1868
    1934
    1885
    1756
    1860
    1966
    1865
    1942
    1982
    1825
    1886
    1908
    1926
    1880
    1852
    1835
    1896
    1928
    1904
    1836
    1911
    1858
    1916
    1898
    1841
    1783
    1829
    1879
    1969
    1935
    1891
    1859
    1865
    1825
    1726
    1849
    1825
    1891
    1901
    1874
    1893
    1797
    1828
    1856
    1872
    1839
    1874
    1878
    1873
    1800
    1905
    1843
    1806
    1866
    1834
    1851
    1769
    1853
    1901
    1756
    1796
    1924
    1819
    1806
    1774
    1808
    1786
    1843
    1818
    1795
    1862
    1841
    1822
    1822
    1770
    1838
    1788
    1834
    1848
    1788
    1830
    1856
    1843
    1694
    1812
    1771
    1731
    1833
    1772
    1759
    1807
    1820
    1834
    1780
    1787
    1809
    1785
    1695
    1777
    1798
    1712
    1753
    1836
    1758
    1682
    1839
    1705
    1756
    1733
    1758
    1782
    1696
    1716
    1768
    1770
    1662
    1700
    1814
    1705
    1765
    1686
    1638
    1708
    1679
    1723
    1696
    1675
    1842
    1650
    1655
    1740
    1648
    1616
    1626
    1719
    1701
    1643
    1693
    1637
    1672
    1729
    1697
    1680
    1671
    1600
    1592
    1621
    1666
    1610
    1689
    1643
    1719
    1602
    1687
    1700
    1680
    1686
    1615
    1615
    1676
    1710
    1706
    1638
    1674
    1601
    1727
    1639
    1656
    1663
    1665
    1672
    1646
    1625
    1636
    1651
    1640
    1578
    1706
    1692
    1719
    1697
    1629
    1699
    1655
    1714
    1664
    1638
    1691
    1664
    1723
    1686
    1705
    1694
    1670
    1722
    1717
    1712
    1688
    1696
    1667
    1609
    1606
    1655
    1720
    1689
    1748
    1599
    1763
    1667
    1714
    1668
    1614
    1684
    1707
    1600
    1652
    1608
    1678
    1665
    1732
    1632
    1689
    1635
    1637
    1691
    1669
    1602
    1705
    1747
    1657
    1637
    1700
    1687
    1728
    1607
    1626
    1698
    1700
    1598
    1513
    1681
    1664
    1650
    1587
    1577
    1616
    1586
    1654
    1592
    1504
    1577
    1525
    1547
    1628
    1581
    1591
    1590
    1614
    1556
    1552
    1563
    1540
    1578
    1534
    1514
    1587
    1562
    1550
    1553
    1581
    1556
    1492
    1513
    1533
    1493
    1496
    1556
    1444
    1541
    1507
    1512
    1459
    1465
    1477
    1517
    1501
    1554
    1503
    1489
    1477
    1532
    1406
    1420
    1519
    1474
    1388
    1463
    1532
    1540
    1439
    1499
    1469
    1480
    1519
    1423
    1441
    1506
    1489
    1461
    1449
    1476
    1429
    1436
    1534
    1439
    1501
    1412
    1466
    1373
    1484
    1455
    1352
    1436
    1512
    1424
    1384
    1394
    1467
    1498
    1440
    1413
    1358
    1398
    1456
    1420
    1503
    1432
    1399
    1443
    1456
    1444
    1391
    1453
    1407
    1344
    1427
    1504
    1449
    1472
    1406
    1384
    1379
    1367
    1443
    1442
    1447
    1410
    1426
    1394
    1469
    1415
    1406
    1411
    1431
    1479
    1371
    1424
    1392
    1465
    1411
    1466
    1387
    1379
    1383
    1455
    1469
    1440
    1500
    1458
    1386
    1405
    1463
    1361
    1426
    1414
    1419
    1456
    1427
    1466
    1428
    1469
    1420
    1431
    1491
    1472
    1405
    1513
    1483
    1514
    1475
    1520
    1481
    1516
    1439
    1516
    1511
    1583
    1465
    1623
    1506
    1624
    1520
    1526
    1567
    1613
    1664
    1584
    1591
    1586
    1607
    1597
    1556
    1612
    1617
    1584
    1600
    1653
    1643
    1626
    1674
    1581
    1647
    1656
    1646
    1673
    1614
    1638
    1599
    1631
    1647
    1642
    1653
    1707
    1651
    1633
    1675
    1675
    1658
    1731
    1724
    1614
    1637
    1656
    1634
    1623
    1601
    1620
    1661
    1640
    1682
    1635
    1604
    1706
    1640
    1586
    1574
    1681
    1637
    1632
    1611
    1555
    1560
    1630
    1572
    1562
    1542
    1622
    1487
    1525
    1543
    1558
    1563
    1490
    1412
    1534
    1487
    1452
    1457
    1481
    1561
    1451
    1380
    1391
    1395
    1482
    1478
    1389
    1435
    1370
    1413
    1386
    1339
    1344
    1367
    1411
    1320
    1302
    1317
    1338
    1296
    1363
    1337
    1317
    1248
    1282
    1340
    1272
    1242
    1240
    1253
    1228
    1232
    1194
    1185
    1174
    1197
    1218
    1202
    1214
    1181
    1135
    1191
    1148
    1168
    1162
    1203
    1137
    1146
    1116
    1089
    1137
    1119
    1094
    1099
    1107
    1052
    1108
    1056
    1127
    1099
    1081
    1156
    1083
    1024
    1023
    1107
    1100
    1046
    1073
    1049
    1056
    1142
    1044
    1040
    1042
    1069
     997
    1027
    1042
    1022
    1015
    1036
    1040
    1069
    1038
    1021
    1018
    1073
    1010
    1057
    1007
    1018
    1060
    1012
     982
    1029
    1055
    1018
    1010
    1080
    1094
    1008
    1006
    1050
     964
    1073
    1035
    1001
    1012
     993
    1004
     995
     996
    1018
    1019
    1028
    1025
    1034
    1083
    1021
     977
    1041
    1026
    1057
     985
     994
     960
    1011
     992
     962
    1008
    1021
    1001
    1041
    1113
    1018
    1017
    1018
    1009
    1000
    1052
    1056
    1001
    1062
    1049
     949
    1064
    1015
     981
    1041
    1028
    1027
    1034
    1064
     976
    1050
    1049
     980
     970
    1093
    1028
    1031
    1013
    1037
    1076
    1043
    1079
    1073
    1004
    1041
    1043
    1023
    1033
    1064
    1002
    1025
    1058
    1070
    1073
    1032
    1081
    1022
     995
    1094
     999
    1095
    1072
    1073
    1063
    1039
    1102
    1047
    1058
    1085
    1027
    1093
    1062
    1062
    1026
    1107
    1069
    1069
     992
    1140
    1099
    1053
    1056
    1038
    1065
     988
    1046
    1067
    1022
    1022
    1023
    1054
    1059
    1073
    1012
    1011
     977
    1068
     971
    1075
     980
    1007
     986
    1027
    1022
    1016
    1034
    1026
     921
    1026
     992
     957
     986
    1013
     970
    1006
     993
    1032
    1004
    1012
     947
     961
     921
    1003
     903
     993
     976
     951
     915
     939
     921
     927
     876
     809
     897
     910
     890
     905
     860
     925
     882
     863
     936
     926
     891
     913
     922
     865
     861
     864
     846
     880
     923
     816
     824
     878
     858
     804
     874
     907
     853
     833
     810
     832
     841
     781
     816
     833
     860
     795
     812
     844
     807
     821
     853
     826
     787
     817
     786
     781
     711
     750
     732
     825
     839
     788
     784
     781
     815
     749
     733
     809
     723
     743
     746
     785
     766
     732
     785
     761
     781
     739
     740
     803
     757
     758
     741
     734
     803
     829
     776
     762
     822
     772
     728
     750
     778
     790
     762
     753
     832
     761
     745
     710
     831
     792
     835
     788
     820
     794
     794
     867
     792
     807
     791
     796
     817
     845
     803
     829
     826
     870
     815
     796
     850
     818
     803
     840
     867
     827
     828
     843
     856
     878
     860
     865
     841
     898
     867
     881
     843
     855
     839
     859
     931
     886
     809
     932
     953
     920
     870
     867
     867
     892
     915
     937
     948
     894
     902
     903
     873
     930
     923
     904
     915
     964
     918
     886
     947
     978
     960
     930
     958
     993
     957
     933
     963
     987
     987
     923
     950
     931
     972
     919
     984
     959
     901
    1010
     949
     986
     955
     883
     935
     948
     911
     909
     986
     982
     991
     978
     961
     989
     875
     902
     986
     969
     992
     924
     905
     990
    1032
     935
     956
     932
     925
     934
     943
     956
     987
     946
     962
     927
     920
     915
     939
     926
     930
     865
     912
     930
     943
     885
     909
     880
     862
     928
     951
     856
     852
     890
     900
     885
     845
     877
     883
     936
     861
     831
     853
     853
     845
     800
     844
     856
     823
     800
     797
     761
     786
     749
     864
     788
     779
     833
     780
     744
     804
     767
     784
     702
     737
     774
     744
     723
     751
     752
     737
     715
     695
     680
     691
     714
     701
     715
     725
     679
     645
     728
     720
     697
     640
     662
     616
     675
     681
     657
     641
     620
     639
     625
     641
     651
     586
     636
     604
     609
     598
     607
     604
     608
     581
     578
     599
     575
     555
     551
     592
     602
     548
     589
     564
     583
     566
     577
     562
     527
     572
     577
     557
     540
     494
     540
     527
     516
     569
     519
     519
     552
     519
     530
     508
     542
     506
     540
     523
     503
     549
     498
     485
     531
     521
     551
     522
     510
     497
     520
     528
     483
     499
     507
     484
     487
     476
     487
     492
     473
     526
     496
     488
     464
     524
     474
     545
     525
     496
     470
     478
     489
     484
     521
     494
     453
     483
     476
     484
     481
     468
     488
     491
     538
     464
     468
     511
     489
     527
     502
     471
     445
     448
     472
     485
     507
     477
     488
     491
     487
     512
     510
     506
     496
     463
     470
     498
     465
     471
     497
     495
     521
     451
     455
     493
     448
     497
     471
     531
     461
     439
     502
     470
     469
     532
     484
     513
     435
     465
     476
     500
     457
     446
     492
     452
     446
     432
     450
     471
     507
     471
     445
     484
     479
     505
     447
     460
     459
     436
     477
     460
     484
     447
     469
     441
     417
     484
     459
     459
     452
     458
     461
     487
     495
     433
     429
     429
     488
     420
     425
     483
     460
     466
     426
     460
     459
     428
     467
     469
     493
     439
     447
     405
     428
     446
     398
     460
     464
     463
     457
     414
     442
     456
     432
     432
     433
     414
     481
     454
     425
     434
     406
     436
     428
     418
     434
     405
     438
     440
     463
     468
     458
     423
     434
     436
     424
     427
     446
     432
     410
     438
     428
     440
     422
     427
     419
     428
     431
     407
     456
     436
     433
     455
     456
     440
     421
     387
     419
     408
     444
     421
     411
     461
     375
     431
     406
     401
     441
     427
     426
     438
     414
     419
     447
     425
     387
     432
     405
     426
     459
     413
     419
     400
     397
     394
     404
     397
     386
     415
     391
     392
     433
     435
     390
     423
     453
     443
     393
     438
     406
     486
     405
     386
     418
     391
     423
     422
     438
     408
     418
     391
     392
     397
     405
     427
     373
     414
     435
     422
     405
     411
     412
     409
     418
     402
     413
     413
     415
     372
     409
     399
     429
     435
     386
     387
     413
     443
     411
     412
     405
     388
     405
     420
     401
     406
     422
     417
     398
     416
     410
     413
     416
     424
     441
     413
     424
     401
     380
     392
     430
     407
     403
     422
     371
     404
     443
     406
     410
     424
     447
     428
     388
     442
     414
     349
     377
     414
     403
     422
     426
     405
     423
     381
     398
     404
     426
     389
     392
     405
     392
     403
     410
     397
     385
     372
     430
     375
     345
     376
     404
     386
     401
     401
     362
     392
     424
     393
     397
     401
     373
     374
     406
     367
     400
     442
     440
     407
     386
     372
     393
     417
     384
     452
     343
     388
     391
     370
     392
     377
     389
     409
     359
     404
     404
     385
     415
     372
     419
     378
     422
     406
     396
     388
     371
     403
     410
     398
     368
     392
     369
     426
     393
     414
     425
     381
     408
     416
     412
     400
     423
     396
     416
     402
     407
     399
     400
     392
     379
     396
     449
     405
     379
     428
     398
     404
     392
     405
     420
     374
     400
     410
     376
     396
     380
     396
     371
     389
     421
     416
     375
     395
     401
     396
     386
     395
     388
     401
     393
     391
     406
     409
     416
     411
     399
     383
     433
     406
     385
     395
     385
     392
     441
     447
     409
     389
     396
     423
     403
     363
     391
     393
     398
     393
     403
     393
     396
     413
     432
     346
     422
     416
     404
     403
     404
     462
     419
     414
     422
     401
     364
     424
     435
     442
     447
     415
     408
     392
     399
     430
     439
     417
     394
     454
     404
     416
     435
     467
     425
     413
     471
     427
     437
     413
     422
     404
     434
     419
     430
     441
     425
     413
     405
     457
     424
     406
     445
     460
     402
     445
     462
     437
     421
     436
     430
     408
     412
     418
     403
     400
     392
     417
     422
     390
     420
     402
     451
     430
     432
     446
     395
     444
     402
     440
     450
     435
     466
     427
     437
     440
     434
     428
     434
     430
     414
     391
     429
     421
     399
     439
     449
     444
     472
     413
     428
     396
     454
     413
     427
     374
     415
     408
     402
     438
     393
     413
     408
     438
     407
     394
     415
     417
     419
     374
     429
     430
     455
     387
     395
     417
     389
     409
     398
     410
     393
     401
     401
     397
     369
     384
     375
     405
     400
     407
     377
     381
     416
     371
     391
     370
     367
     381
     365
     453
     402
     390
     371
     351
     352
     364
     362
     383
     399
     383
     347
     377
     378
     361
     369
     342
     376
     372
     382
     391
     354
     356
     386
     339
     343
     340
     381
     377
     373
     363
     333
     359
     348
     363
     332
     372
     332
     373
     340
     354
     356
     357
     347
     333
     345
     353
     364
     354
     358
     347
     360
     336
     358
     343
     336
     300
     288
     332
     311
     311
     340
     290
     320
     334
     344
     358
     335
     318
     359
     330
     346
     321
     311
     336
     326
     331
     320
     293
     343
     339
     361
     313
     326
     324
     331
     327
     294
     331
     295
     316
     319
     344
     327
     325
     308
     317
     313
     334
     336
     341
     299
     333
     319
     319
     318
     316
     312
     330
     336
     364
     297
     346
     324
     325
     374
     335
     299
     289
     317
     313
     339
     326
     339
     305
     324
     342
     304
     335
     350
     332
     324
     343
     307
     338
     353
     351
     318
     322
     347
     335
     318
     320
     321
     336
     317
     357
     337
     323
     339
     336
     325
     328
     319
     320
     335
     334
     350
     345
     319
     343
     374
     370
     374
     307
     383
     327
     332
     353
     353
     349
     333
     352
     360
     364
     363
     349
     346
     338
     392
     366
     353
     351
     397
     318
     379
     351
     373
     378
     354
     391
     376
     362
     382
     383
     380
     355
     379
     362
     396
     365
     411
     361
     373
     396
     359
     378
     375
     363
     384
     396
     371
     419
     396
     349
     388
     410
     383
     406
     404
     374
     403
     406
     421
     400
     407
     387
     407
     402
     424
     422
     399
     411
     416
     399
     436
     394
     393
     405
     429
     457
     396
     434
     455
     440
     444
     456
     411
     453
     446
     383
     421
     432
     467
     447
     429
     427
     418
     439
     399
     423
     427
     457
     453
     445
     455
     451
     475
     479
     420
     445
     439
     467
     433
     454
     427
     470
     468
     482
     438
     406
     478
     501
     469
     460
     469
     455
     487
     467
     473
     518
     474
     491
     445
     464
     504
     488
     442
     496
     523
     490
     477
     502
     501
     498
     486
     526
     480
     473
     489
     493
     501
     503
     481
     496
     511
     449
     499
     455
     447
     483
     472
     509
     493
     476
     466
     539
     503
     521
     509
     511
     522
     514
     523
     483
     504
     507
     482
     487
     515
     499
     517
     508
     511
     498
     498
     493
     529
     482
     542
     493
     522
     471
     474
     520
     520
     463
     528
     459
     509
     525
     490
     500
     500
     491
     460
     514
     491
     489
     491
     460
     451
     450
     498
     496
     473
     460
     471
     449
     492
     493
     474
     449
     479
     453
     455
     465
     464
     440
     430
     413
     477
     440
     440
     429
     428
     472
     465
     508
     465
     451
     487
     411
     473
     486
     446
     477
     420
     433
     423
     468
     410
     434
     452
     455
     439
     444
     407
     389
     409
     411
     437
     442
     410
     453
     389
     434
     405
     416
     400
     395
     421
     396
     393
     372
     404
     366
     377
     376
     385
     388
     407
     397
     394
     367
     401
     369
     381
     395
     395
     369
     350
     409
     380
     344
     362
     352
     381
     371
     345
     357
     352
     384
     364
     351
     342
     369
     342
     362
     365
     377
     363
     381
     375
     365
     349
     365
     355
     351
     342
     346
     290
     308
     355
     350
     316
     357
     336
     333
     361
     299
     354
     342
     334
     332
     324
     368
     349
     355
     352
     354
     320
     344
     346
     371
     344
     318
     330
     338
     327
     317
     329
     343
     335
     362
     358
     326
     343
     353
     307
     348
     303
     313
     339
     349
     346
     340
     324
     319
     330
     337
     382
     305
     349
     318
     332
     353
     334
     331
     322
     333
     340
     328
     387
     377
     325
     307
     364
     330
     340
     336
     344
     358
     373
     349
     336
     312
     353
     348
     399
     328
     372
     345
     329
     334
     308
     360
     343
     357
     344
     349
     348
     349
     317
     373
     333
     342
     347
     354
     360
     347
     345
     344
     356
     345
     341
     300
     351
     329
     377
     371
     361
     331
     364
     346
     356
     338
     352
     277
     352
     310
     367
     374
     336
     332
     345
     339
     339
     322
     328
     332
     322
     326
     325
     342
     351
     356
     310
     315
     386
     322
     295
     297
     324
     344
     316
     317
     314
     315
     307
     317
     342
     311
     289
     362
     300
     339
     307
     307
     288
     332
     345
     292
     333
     331
     318
     295
     293
     311
     287
     298
     330
     290
     313
     286
     300
     270
     304
     291
     304
     310
     277
     310
     288
     299
     281
     288
     294
     276
     290
     281
     283
     263
     290
     264
     286
     299
     260
     278
     295
     284
     240
     291
     285
     273
     266
     262
     285
     261
     279
     230
     275
     250
     259
     286
     276
     267
     269
     256
     247
     268
     234
     252
     283
     236
     269
     264
     256
     216
     254
     261
     273
     253
     253
     263
     232
     252
     234
     249
     247
     221
     249
     235
     230
     237
     236
     251
     234
     227
     240
     255
     225
     245
     224
     219
     232
     230
     217
     201
     238
     228
     236
     230
     216
     235
     219
     206
     220
     218
     249
     233
     220
     239
     206
     220
     235
     213
     201
     232
     207
     182
     240
     238
     227
     231
     231
     228
     214
     207
     244
     204
     196
     191
     244
     243
     220
     249
     196
     236
     231
     232
     241
     212
     213
     238
     225
     217
     232
     209
     226
     215
     208
     234
     231
     207
     232
     219
     229
     223
     204
     223
     219
     232
     201
     208
     212
     221
     234
     217
     200
     241
     225
     201
     192
     221
     230
     200
     208
     221
     209
     199
     213
     220
     239
     247
     204
     201
     218
     229
     235
     212
     228
     215
     190
     231
     239
     183
     218
     211
     201
     234
     210
     236
     205
     221
     214
     228
     215
     247
     211
     214
     216
     212
     223
     201
     226
     218
     205
     198
     196
     224
     200
     212
     232
     221
     225
     192
     221
     186
     235
     220
     235
     213
     227
     210
     212
     216
     192
     198
     213
     209
     237
     233
     222
     206
     209
     185
     189
     220
     212
     211
     201
     234
     212
     230
     193
     234
     218
     229
     231
     184
     211
     199
     235
     203
     226
     196
     217
     221
     211
     237
     222
     233
     228
     207
     224
     222
     218
     229
     213
     220
     205
     227
     211
     209
     230
     193
     218
     224
     213
     214
     217
     251
     197
     204
     227
     230
     205
     196
     202
     210
     206
     221
     200
     193
     189
     202
     182
     213
     186
     235
     233
     213
     202
     224
     219
     229
     225
     225
     209
     208
     220
     231
     221
     207
     213
     227
     176
     199
     173
     208
     194
     213
     219
     225
     200
     214
     235
     181
     233
     222
     214
     222
     199
     171
     195
     211
     208
     216
     202
     202
     211
     211
     189
     208
     232
     215
     206
     196
     195
     234
     219
     209
     214
     200
     204
     204
     227
     220
     177
     219
     218
     197
     205
     206
     185
     215
     198
     196
     198
     209
     242
     218
     183
     212
     220
     229
     204
     232
     217
     220
     232
     200
     200
     235
     201
     192
     210
     212
     239
     223
     218
     209
     208
     215
     197
     231
     195
     200
     198
     185
     201
     224
     207
     190
     217
     203
     197
     233
     219
     218
     203
     193
     194
     210
     206
     205
     200
     199
     236
     194
     207
     231
     199
     193
     204
     215
     192
     186
     210
     185
     194
     222
     212
     207
     180
     182
     185
     202
     223
     209
     205
     197
     197
     188
     197
     195
     212
     209
     220
     216
     216
     202
     214
     180
     192
     195
     205
     196
     219
     198
     202
     204
     218
     209
     209
     195
     217
     172
     204
     170
     189
     229
     207
     199
     206
     198
     172
     207
     178
     184
     182
     195
     211
     217
     174
     198
     212
     205
     208
     183
     193
     199
     192
     180
     226
     203
     199
     183
     198
     195
     205
     206
     192
     206
     211
     163
     193
     188
     182
     190
     163
     186
     170
     164
     187
     201
     186
     198
     189
     166
     202
     206
     192
     179
     195
     171
     162
     174
     172
     154
     178
     179
     179
     191
     177
     200
     162
     171
     188
     192
     189
     185
     185
     191
     178
     162
     186
     191
     170
     177
     168
     194
     168
     160
     183
     211
     158
     168
     184
     196
     188
     174
     170
     181
     210
     168
     179
     176
     173
     164
     184
     165
     166
     179
     188
     178
     155
     178
     175
     161
     217
     179
     174
     163
     159
     179
     180
     182
     185
     151
     168
     181
     173
     181
     191
     164
     193
     160
     186
     181
     156
     185
     177
     178
     198
     163
     172
     184
     175
     187
     184
     184
     165
     169
     160
     197
     169
     159
     184
     191
     188
     188
     171
     179
     188
     176
     180
     192
     149
     178
     174
     171
     186
     163
     185
     186
     204
     159
     163
     172
     166
     182
     178
     151
     154
     170
     169
     168
     165
     178
     144
     173
     165
     153
     176
     156
     156
     175
     167
     180
     188
     202
     182
     178
     150
     187
     181
     178
     166
     186
     161
     161
     167
     176
     168
     187
     177
     175
     153
     150
     165
     161
     166
     171
     186
     174
     189
     161
     172
     191
     169
     165
     176
     175
     180
     181
     158
     172
     171
     178
     179
     223
     158
     232
     182
     185
     176
     192
     178
     172
     177
     171
     165
     170
     169
     170
     181
     166
     190
     164
     159
     167
     185
     185
     188
     174
     177
     196
     170
     154
     163
     163
     168
     148
     177
     163
     164
     165
     199
     175
     161
     158
     180
     189
     172
     159
     180
     184
     201
     175
     181
     181
     183
     190
     169
     175
     188
     191
     175
     181
     163
     199
     174
     208
     183
     168
     162
     200
     151
     171
     181
     180
     186
     176
     166
     169
     171
     179
     137
     166
     168
     157
     185
     188
     154
     152
     184
     170
     174
     171
     166
     201
     187
     184
     196
     163
     167
     169
     164
     161
     190
     162
     177
     179
     177
     167
     217
     195
     184
     169
     184
     189
     164
     165
     158
     171
     167
     175
     170
     171
     164
     180
     189
     160
     166
     165
     199
     198
     190
     182
     171
     167
     180
     178
     169
     185
     190
     166
     200
     200
     189
     173
     172
     182
     187
     171
     167
     193
     168
     149
     151
     146
     177
     188
     200
     163
     156
     192
     179
     190
     179
     196
     181
     162
     173
     154
     198
     173
     194
     186
     194
     176
     170
     172
     158
     179
     172
     166
     167
     157
     173
     185
     177
     195
     189
     185
     195
     171
     180
     197
     191
     189
     164
     221
     175
     177
     159
     186
     176
     175
     179
     172
     196
     201
     203
     175
     178
     179
     193
     198
     180
     172
     175
     202
     212
     166
     193
     159
     220
     168
     181
     199
     187
     180
     177
     186
     192
     201
     178
     201
     185
     207
     208
     216
     191
     197
     191
     176
     212
     210
     198
     162
     189
     191
     188
     204
     182
     184
     177
     162
     226
     204
     196
     188
     188
     216
     202
     187
     204
     187
     203
     188
     182
     174
     230
     197
     184
     206
     185
     209
     207
     205
     210
     194
     198
     168
     204
     182
     185
     178
     169
     202
     187
     174
     220
     203
     220
     207
     192
     176
     211
     195
     189
     219
     197
     193
     198
     186
     186
     211
     199
     202
     209
     202
     207
     207
     188
     175
     185
     175
     210
     223
     191
     219
     201
     177
     226
     197
     176
     199
     211
     183
     185
     198
     181
     192
     196
     188
     212
     208
     215
     209
     206
     214
     217
     185
     211
     194
     194
     196
     184
     212
     192
     203
     223
     217
     181
     210
     206
     188
     203
     197
     222
     186
     182
     218
     199
     186
     198
     186
     187
     184
     203
     192
     195
     201
     182
     208
     203
     221
     192
     201
     216
     195
     197
     178
     208
     197
     210
     202
     224
     184
     192
     204
     197
     211
     201
     176
     205
     198
     169
     209
     189
     201
     216
     182
     222
     207
     168
     198
     193
     212
     181
     173
     190
     177
     189
     183
     202
     190
     191
     186
     217
     158
     179
     174
     160
     157
     188
     199
     190
     211
     218
     209
     163
     173
     193
     181
     205
     196
     195
     179
     197
     171
     186
     197
     190
     199
     184
     199
     181
     208
     192
     176
     166
     182
     188
     180
     181
     188
     204
     194
     172
     184
     192
     194
     210
     186
     205
     189
     175
     185
     187
     197
     190
     177
     197
     168
     181
     175
     175
     171
     172
     201
     191
     202
     159
     211
     177
     167
     180
     191
     185
     182
     166
     176
     200
     181
     185
     171
     182
     181
     168
     165
     169
     186
     167
     178
     203
     211
     199
     163
     190
     185
     191
     183
     211
     176
     175
     201
     189
     182
     167
     178
     164
     163
     183
     181
     195
     170
     168
     185
     190
     170
     178
     188
     189
     167
     197
     169
     194
     195
     185
     191
     183
     180
     186
     182
     209
     189
     181
     201
     173
     196
     170
     158
     187
     187
     200
     180
     185
     175
     182
     172
     175
     187
     171
     180
     178
     190
     191
     202
     205
     171
     195
     166
     178
     164
     155
     173
     166
     172
     210
     184
     155
     207
     172
     192
     191
     168
     189
     181
     181
     189
     171
     166
     176
     189
     180
     171
     185
     176
     170
     155
     163
     190
     157
     168
     187
     185
     159
     179
     170
     174
     180
     171
     163
     179
     178
     191
     167
     198
     173
     151
     178
     181
     168
     184
     197
     173
     175
     172
     161
     179
     158
     148
     172
     174
     167
     200
     151
     145
     162
     148
     164
     149
     150
     151
     153
     165
     157
     176
     179
     163
     157
     157
     168
     169
     163
     158
     152
     157
     153
     154
     150
     157
     152
     160
     154
     127
     146
     149
     180
     169
     165
     153
     176
     133
     164
     172
     156
     170
     170
     151
     173
     140
     178
     173
     163
     153
     163
     146
     142
     147
     148
     173
     163
     184
     149
     160
     145
     143
     154
     143
     145
     151
     174
     147
     160
     138
     149
     154
     149
     137
     148
     168
     145
     137
     140
     146
     142
     146
     132
     139
     124
     148
     164
     150
     153
     162
     159
     125
     168
     153
     146
     159
     151
     144
     142
     152
     149
     146
     160
     131
     156
     141
     153
     156
     150
     142
     137
     129
     142
     140
     149
     121
     131
     164
     142
     152
     148
     149
     139
     141
     179
     135
     138
     138
     118
     123
     139
     162
     148
     132
     125
     131
     164
     152
     138
     141
     131
     147
     134
     134
     139
     120
     137
     134
     145
     124
     130
     135
     140
     115
     152
     152
     115
     131
     136
     143
     158
     136
     135
     133
     150
     133
     128
     160
     151
     137
     126
     146
     137
     139
     145
     142
     124
     142
     140
     146
     104
     140
     132
     139
     129
     113
     157
     122
     132
     138
     136
     138
     139
     112
     125
     129
     141
     127
     123
     128
     124
     154
     138
     149
     122
     138
     142
     132
     169
     129
     145
     145
     136
     115
     115
     148
     127
     143
     130
     118
     143
     159
     138
     147
     124
     128
     143
     136
     124
     131
     134
     140
     119
     142
     125
     164
     118
     156
     157
     139
     133
     138
     124
     128
     148
     130
     139
     117
     129
     145
     129
     123
     146
     133
     132
     129
     139
     138
     117
     138
     117
     127
     121
     135
     130
     128
     138
     125
     133
     131
     133
     124
     143
     160
     133
     113
     127
     130
     133
     154
     132
     130
     124
     115
     131
     151
     138
     129
     135
     138
     139
     143
     128
     126
     124
     137
     118
     145
     121
     124
     124
     133
     133
     127
     124
     124
     127
     145
     121
     127
     134
     131
     136
     150
     129
     121
     139
     132
     144
     124
     105
     159
     135
     102
     138
     139
     125
     131
     114
     135
     146
     116
     152
     126
     138
     140
     148
     138
     135
     139
     140
     157
     129
     127
     143
     106
     104
     147
     130
     133
     122
     141
     142
     126
     145
     155
     132
     127
     140
     153
     157
     108
     126
     140
     143
     113
     127
     150
     148
     156
     133
     140
     145
     144
     139
     140
     140
     134
     142
     142
     153
     147
     134
     166
     130
     123
     127
     160
     145
     146
     127
     138
     124
     146
     156
     151
     146
     150
     154
     156
     158
     137
     159
     151
     143
     135
     141
     121
     145
     138
     122
     140
     159
     127
     139
     172
     150
     133
     161
     133
     135
     139
     172
     159
     143
     150
     167
     169
     164
     154
     153
     154
     146
     147
     151
     145
     121
     147
     133
     163
     142
     141
     155
     151
     161
     190
     144
     178
     165
     136
     159
     147
     156
     152
     146
     170
     177
     130
     163
     172
     164
     155
     163
     135
     139
     146
     150
     190
     150
     143
     146
     145
     155
     178
     159
     161
     176
     162
     173
     165
     128
     154
     144
     165
     135
     149
     182
     178
     150
     160
     167
     141
     161
     149
     163
     164
     146
     155
     129
     167
     144
     162
     166
     154
     170
     182
     183
     184
     182
     158
     173
     172
     188
     152
     157
     180
     170
     173
     166
     190
     174
     154
     173
     172
     161
     145
     200
     159
     158
     175
     154
     150
     150
     150
     153
     166
     162
     168
     164
     160
     176
     162
     175
     169
     170
     161
     151
     158
     162
     169
     160
     163
     183
     158
     152
     175
     161
     132
     169
     152
     162
     183
     176
     163
     173
     158
     165
     161
     191
     155
     185
     163
     156
     162
     178
     194
     151
     158
     191
     184
     165
     158
     156
     187
     178
     164
     180
     153
     146
     148
     180
     165
     176
     146
     144
     162
     176
     178
     157
     139
     190
     152
     171
     142
     153
     173
     140
     152
     160
     170
     149
     191
     175
     162
     163
     168
     167
     167
     153
     150
     149
     156
     177
     154
     161
     146
     167
     173
     155
     163
     170
     171
     164
     151
     166
     149
     129
     172
     171
     158
     138
     136
     160
     145
     167
     159
     165
     167
     173
     159
     143
     177
     156
     163
     159
     161
     159
     130
     153
     160
     155
     152
     146
     168
     156
     148
     159
     156
     156
     146
     183
     150
     138
     149
     137
     136
     146
     140
     162
     172
     146
     147
     159
     159
     155
     162
     156
     136
     159
     133
     143
     140
     149
     134
     142
     162
     137
     136
     139
     153
     134
     145
     185
     128
     135
     161
     128
     138
     137
     160
     149
     137
     145
     157
     137
     148
     146
     129
     154
     158
     137
     136
     131
     163
     147
     145
     132
     111
     127
     145
     145
     134
     147
     137
     172
     162
     147
     125
     146
     132
     145
     131
     133
     133
     141
     151
     134
     128
     134
     138
     131
     141
     122
     139
     122
     133
     137
     131
     143
     124
     136
     131
     135
     144
     112
     124
     134
     146
     122
     136
     136
     136
     145
     142
     141
     134
     124
     147
     145
     142
     139
     108
     119
     132
     143
     146
     141
     150
     142
     136
     142
     134
     135
     106
     132
     143
     131
     113
     131
     114
     126
     128
     148
     128
     123
     121
     124
     117
     126
     126
     106
     151
     138
     114
     121
     105
     131
     129
     119
     133
     131
     111
     125
     104
     129
     123
     134
     128
     129
     152
     114
     127
     105
     138
     131
     109
     132
     121
     125
     135
     125
     144
     117
     109
     114
     116
     126
     120
     121
     134
     129
     147
     133
     133
     130
     120
     114
     102
     102
     112
     116
     128
     120
     126
     136
     118
     103
     134
     115
     143
     131
     118
     111
      98
     113
     133
     120
     124
     118
     141
     122
     118
     131
     133
     127
     141
     139
     162
     197
     191
     237
     246
     299
     341
     381
     490
     546
     601
     665
     813
     821
     880
     960
    1044
    1133
    1190
    1326
    1388
    1405
    1488
    1595
    1581
    1739
    1765
    1716
    1735
    1838
    1822
    1889
    1901
    1843
    1886
    1827
    1833
    1783
    1801
    1781
    1759
    1689
    1535
    1567
    1551
    1452
    1443
    1412
    1280
    1276
    1243
    1178
    1078
    1026
     963
     896
     887
     772
     774
     701
     664
     700
     584
     585
     567
     538
     508
     454
     447
     424
     351
     378
     348
     306
     338
     298
     307
     288
     261
     243
     238
     294
     252
     247
     236
     205
     217
     236
     222
     217
     224
     231
     248
     192
     230
     217
     207
     228
     204
     204
     208
     209
     208
     235
     229
     218
     211
     204
     224
     212
     200
     189
     197
     189
     201
     185
     198
     191
     191
     209
     206
     178
     209
     182
     203
     177
     192
     187
     187
     199
     172
     200
     192
     188
     184
     176
     171
     183
     189
     166
     148
     185
     173
     190
     174
     190
     179
     159
     163
     160
     180
     152
     175
     153
     182
     174
     167
     199
     191
     171
     163
     170
     173
     167
     157
     164
     151
     156
     166
     159
     190
     140
     177
     155
     158
     167
     159
     165
     153
     151
     178
     157
     169
     149
     149
     164
     140
     164
     152
     164
     184
     160
     195
     152
     157
     170
     161
     150
     152
     162
     163
     150
     153
     153
     177
     167
     157
     149
     161
     166
     144
     141
     155
     135
     134
     163
     174
     165
     156
     150
     144
     165
     163
     145
     145
     149
     154
     153
     143
     137
     141
     152
     165
     152
     155
     136
     161
     136
     149
     171
     172
     148
     135
     152
     140
     145
     153
     148
     135
     156
     164
     139
     159
     142
     155
     140
     153
     142
     125
     141
     168
     139
     147
     151
     157
     155
     144
     136
     137
     134
     146
     156
     146
     134
     146
     145
     136
     155
     146
     154
     150
     135
     139
     125
     139
     161
     146
     144
     145
     146
     149
     119
     137
     143
     148
     130
     156
     144
     143
     156
     131
     128
     136
     158
     167
     132
     127
     143
     136
     128
     129
     148
     144
     139
     122
     138
     142
     134
     130
     134
     139
     141
     131
     131
     143
     153
     116
     124
     148
     128
     123
     123
     136
     132
     136
     138
     114
     148
     140
     136
     138
     135
     118
     129
     144
     140
     129
     131
     136
     142
     138
     145
     137
     102
     126
     146
     127
     134
     158
     149
     119
     161
     143
     122
     146
     120
     146
     128
     126
     129
     126
     116
     122
     133
     126
     125
     138
     126
     131
     147
     125
     139
     119
     121
     127
     133
     115
     146
     102
     116
     136
     132
     137
     139
     140
     115
     120
     110
     118
     109
     110
     116
     129
     127
     130
     119
     130
     111
     112
     130
     116
     101
     108
     110
     118
     114
     122
     111
     120
     131
     102
     131
     127
     118
      97
     139
     133
     110
     108
     106
     114
     112
     131
     109
     104
     141
     112
     110
     110
     107
     120
     105
     114
     128
     122
     133
     125
     117
     123
      99
     107
     102
     117
     107
     109
     100
     112
     125
     102
     114
     119
     117
     109
      88
     122
     125
     109
     127
      97
     124
     108
     122
     112
     130
     116
     112
     102
     120
     125
     113
      90
     114
     109
     122
     113
     114
     119
     111
     118
     104
     111
     115
     114
     120
     102
     124
     117
     120
     122
     119
     138
     132
     107
     117
     107
     107
     121
     125
     133
     132
     114
     118
     104
     110
     113
     107
     120
     107
     132
     119
     121
     116
     118
     107
     116
     113
     115
      99
     107
     125
     118
     118
     124
     134
     123
     120
     121
     123
     116
     107
     112
     113
     123
     119
     128
     117
     106
     126
     115
     119
     140
     114
     121
     133
     143
     129
     122
     136
     122
     110
     134
     126
     125
     119
     115
     111
     112
     110
     125
     128
     105
     123
     123
     116
     108
     121
     120
     115
     110
     134
     113
     122
     123
     119
     119
     117
     120
     108
     117
     127
     123
     130
     127
     112
     120
     126
     139
     136
     133
     128
     120
     123
     116
     128
     131
     123
     138
     112
     105
     114
     132
     127
     132
     115
     125
     115
     103
     111
     122
     144
     117
     136
     116
     117
     125
     138
     119
     128
     130
     139
     142
     150
     129
     110
     121
     122
     111
     120
     148
     119
     119
     113
     139
     134
     136
     141
     125
     123
     132
     121
     113
     117
     111
     127
     129
     139
     115
     126
     136
     120
     116
     142
     135
     134
     141
     111
     104
     126
     122
     133
     130
     139
     115
     122
     146
     118
     128
     159
     137
     134
     125
     122
     165
     131
     125
     142
     131
     140
     114
     151
     138
     141
     143
     128
     121
     131
     132
     131
     116
     134
     118
     131
     141
     131
     156
     124
     132
     140
     145
     106
     132
     140
     170
     131
     128
     131
     126
     146
     129
     142
     116
     138
     128
     150
     128
     129
     120
     143
     159
     114
     137
     118
     139
     159
     140
     126
     129
     151
     139
     156
     156
     140
     143
     141
     159
     137
     166
     140
     142
     158
     152
     150
     140
     142
     131
     167
     147
     165
     131
     160
     173
     178
     173
     136
     144
     153
     153
     155
     153
     170
     134
     167
     150
     162
     164
     159
     159
     161
     164
     163
     156
     134
     155
     164
     161
     163
     138
     184
     165
     161
     161
     189
     175
     166
     177
     178
     169
     167
     169
     197
     196
     187
     173
     203
     175
     166
     164
     203
     187
     170
     184
     174
     192
     211
     191
     200
     193
     177
     192
     210
     215
     192
     182
     190
     185
     189
     221
     242
     202
     205
     248
     163
     216
     220
     226
     246
     212
     194
     215
     233
     220
     206
     216
     232
     221
     212
     218
     229
     229
     240
     248
     219
     249
     251
     236
     223
     236
     265
     263
     249
     242
     253
     253
     246
     269
     239
     236
     251
     237
     235
     268
     244
     251
     265
     278
     296
     251
     266
     286
     273
     292
     281
     296
     236
     263
     301
     305
     294
     292
     303
     309
     296
     306
     285
     331
     297
     339
     312
     306
     310
     344
     292
     296
     330
     309
     306
     323
     311
     349
     308
     324
     368
     326
     344
     355
     393
     365
     342
     375
     336
     304
     365
     358
     383
     356
     358
     371
     381
     345
     334
     377
     375
     400
     366
     364
     387
     381
     396
     376
     397
     391
     369
     395
     374
     389
     371
     400
     397
     416
     384
     393
     401
     413
     396
     395
     391
     420
     408
     392
     413
     438
     423
     437
     444
     425
     436
     477
     407
     415
     388
     457
     418
     456
     417
     432
     427
     444
     416
     458
     426
     483
     376
     427
     465
     443
     426
     424
     451
     462
     455
     419
     434
     405
     423
     481
     447
     445
     418
     409
     428
     429
     406
     456
     422
     418
     444
     446
     388
     441
     419
     394
     460
     375
     411
     394
     399
     402
     391
     422
     437
     437
     419
     436
     418
     415
     374
     423
     391
     396
     411
     382
     422
     376
     387
     407
     416
     365
     387
     381
     376
     377
     378
     386
     390
     376
     383
     307
     372
     373
     369
     362
     344
     354
     384
     346
     333
     334
     342
     310
     329
     334
     324
     343
     294
     313
     344
     294
     295
     305
     309
     297
     333
     288
     246
     265
     303
     293
     283
     304
     294
     298
     285
     263
     291
     271
     255
     256
     250
     254
     240
     212
     279
     268
     251
     256
     232
     253
     221
     257
     229
     248
     243
     216
     234
     208
     208
     254
     217
     211
     207
     211
     228
     209
     182
     189
     200
     200
     195
     197
     205
     199
     178
     181
     197
     177
     207
     189
     176
     177
     186
     196
     180
     167
     213
     162
     179
     175
     158
     167
     189
     148
     171
     158
     170
     170
     172
     176
     173
     176
     176
     176
     162
     177
     167
     135
     153
     164
     149
     151
     152
     160
     160
     155
     155
     158
     152
     169
     151
     186
     151
     165
     133
     165
     156
     149
     140
     160
     145
     158
     147
     144
     163
     156
     155
     146
     162
     147
     142
     166
     140
     174
     151
     135
     153
     152
     141
     136
     141
     156
     139
     149
     170
     171
     167
     163
     156
     146
     140
     167
     152
     139
     150
     133
     136
     160
     167
     153
     138
     160
     145
     138
     160
     180
     162
     167
     147
     165
     142
     155
     163
     146
     143
     156
     172
     159
     154
     157
     161
     154
     166
     162
     168
     168
     163
     177
     162
     159
     178
     167
     173
     174
     154
     171
     181
     156
     163
     179
     168
     153
     168
     170
     164
     186
     176
     161
     185
     156
     164
     195
     178
     160
     157
     164
     162
     198
     149
     188
     186
     171
     173
     205
     192
     167
     163
     200
     159
     174
     162
     177
     176
     177
     184
     167
     187
     190
     193
     193
     194
     171
     188
     186
     202
     199
     183
     166
     189
     196
     193
     210
     182
     160
     182
     192
     193
     173
     193
     169
     186
     191
     196
     164
     203
     178
     196
     174
     209
     200
     189
     180
     191
     192
     215
     188
     201
     219
     215
     216
     190
     209
     185
     195
     200
     199
     193
     169
     176
     208
     173
     192
     208
     182
     176
     160
     208
     201
     203
     197
     207
     191
     177
     191
     182
     190
     196
     234
     216
     210
     226
     200
     174
     183
     210
     186
     203
     174
     208
     190
     206
     204
     173
     172
     175
     223
     202
     195
     183
     183
     184
     206
     210
     178
     208
     194
     164
     205
     173
     173
     163
     190
     177
     196
     223
     176
     190
     177
     194
     153
     197
     176
     163
     189
     177
     163
     178
     147
     190
     167
     170
     155
     201
     182
     160
     158
     169
     182
     169
     162
     163
     167
     175
     195
     162
     161
     145
     162
     155
     168
     168
     170
     176
     172
     147
     182
     183
     178
     166
     164
     173
     165
     180
     185
     167
     166
     146
     178
     164
     177
     184
     183
     152
     194
     157
     152
     143
     179
     153
     191
     160
     179
     154
     179
     153
     171
     200
     170
     159
     153
     176
     183
     169
     149
     167
     179
     177
     159
     163
     171
     176
     183
     187
     154
     167
     180
     171
     176
     167
     166
     171
     180
     155
     173
     165
     149
     185
     173
     187
     174
     180
     192
     191
     182
     184
     173
     200
     164
     182
     177
     217
     203
     202
     188
     189
     198
     181
     185
     183
     171
     189
     181
     194
     166
     193
     223
     197
     174
     208
     165
     192
     213
     178
     182
     189
     195
     195
     183
     199
     190
     151
     188
     198
     196
     196
     179
     199
     176
     183
     159
     196
     179
     188
     185
     182
     186
     180
     168
     156
     188
     166
     178
     180
     159
     181
     178
     183
     170
     186
     165
     159
     152
     170
     163
     155
     146
     161
     131
     175
     157
     175
     171
     146
     159
     174
     157
     122
     169
     145
     135
     155
     152
     168
     141
     142
     131
     149
     144
     127
     154
     143
     128
     126
     137
     119
     137
     126
     127
     126
     122
     106
     109
     122
     125
     123
     123
     120
     116
     102
     113
     123
     112
     133
     121
     106
     117
     110
     126
     109
     113
      98
     107
     107
     112
     132
      97
     117
     126
     100
     109
      87
     121
      95
     107
      92
      99
     110
     111
     107
     108
     107
     101
      86
     101
      74
      93
      89
     116
     116
      91
      99
      90
      94
      92
     117
      97
      95
      98
      92
     112
      85
      89
      91
      90
      89
      89
     100
      88
      95
      92
      99
      76
      99
     105
      95
      84
      94
      97
     128
      83
      91
      79
      88
      84
      80
      85
     106
      88
     103
      96
      95
      94
      92
      77
      84
      90
      80
      83
      97
     103
      81
      76
     105
      80
      76
      84
      98
      75
      80
      73
      77
      93
      89
      81
      76
      81
      79
      79
      78
      74
      79
      78
      85
      82
      74
      85
      82
     106
      72
      79
      81
      79
      86
      73
      79
      94
      86
      84
      94
      69
      82
      73
      75
      82
      72
      81
      79
      85
      85
      78
      90
      86
      80
      85
      89
      73
      94
      82
      87
      88
      78
      75
      70
      91
      80
      73
      80
      60
      82
      77
      79
      91
      70
      83
      85
      82
      77
      78
      74
      74
      62
      82
      73
      78
      75
      85
      70
      91
      63
      81
      68
      80
      67
      73
      72
      73
      79
      70
      68
      86
      72
      77
      83
      53
      79
      66
      71
      87
      62
      68
      68
     102
      85
      88
      78
      85
      89
      64
      76
      80
      81
      65
      61
      74
      73
      54
      82
      88
      75
      70
      83
      71
      74
      87
      69
      76
      81
      79
      87
      69
      81
      80
      67
      98
      72
      81
      77
      93
      69
      94
      87
      67
      79
      76
      93
      74
      81
      70
      68
      56
      72
      91
      76
      81
      83
      87
      77
      88
      89
      83
      89
      73
      87
      87
     102
      97
      94
      80
      98
      88
      93
      92
      83
      84
      84
      81
     108
      93
      84
      98
     103
     106
      79
     102
     104
      89
      91
      88
      90
      83
      88
      89
     113
     109
      90
      85
     116
     111
      98
      94
     110
     100
     112
     101
     105
      95
     105
     114
     111
     133
      98
     105
      97
     117
      93
      93
     110
     106
     119
     123
     111
     123
     107
     123
     116
     115
     113
     111
     110
     138
     123
     104
     117
     104
     132
     116
     141
     132
     115
     117
     106
     129
     112
     126
     131
     117
     137
     119
     129
     123
     127
     104
     119
     105
     134
     115
     117
     132
     117
     119
     130
     105
     134
     131
     122
     111
     131
     133
     123
     117
     114
     130
     127
     121
     137
     126
     117
     122
     120
     131
     123
     134
     132
     118
     123
     129
     117
     115
     133
     137
     125
     119
     151
     125
     120
     103
     124
     143
     148
     136
     130
     136
      96
     138
     127
     111
     119
     121
     157
     144
     105
     150
     113
     136
     133
     139
     130
     143
     124
     132
     139
     130
     120
     138
     101
     113
     114
     110
     122
      94
     122
     131
     125
     113
     129
     115
     105
     126
     122
     100
     107
     117
     122
     108
     119
     110
     105
     107
     109
      96
     114
     110
     128
     106
      98
     111
     105
      90
     108
     102
     124
      99
     103
     110
      93
     102
     107
     111
     116
     131
     109
      97
      96
      94
     116
      93
      98
     103
      93
      94
     112
     111
      86
     100
     103
     104
     116
     107
     103
     113
     121
      93
     129
     104
     107
      87
     104
     111
      83
     104
      81
     110
     107
     113
      91
      98
     112
     100
     107
      86
     110
      88
     126
      86
     116
     118
      95
     103
      92
     105
     117
      89
     116
      96
      95
     112
      98
      89
      98
     103
      96
     110
     103
     110
     116
     103
      99
      89
     105
      94
     114
     128
     104
     109
     106
     107
     116
     111
     129
     118
     109
     121
     120
     146
     143
     123
     112
     129
     129
     126
     133
     128
     139
     125
     121
     129
     135
     130
     156
     142
     134
     157
     160
     149
     153
     160
     164
     164
     173
     175
     172
     162
     155
     173
     178
     192
     193
     199
     196
     211
     193
     208
     219
     200
     208
     213
     247
     240
     233
     258
     261
     227
     268
     214
     242
     256
     260
     292
     255
     288
     256
     272
     283
     299
     283
     282
     262
     301
     304
     287
     315
     274
     296
     284
     289
     289
     281
     285
     296
     302
     282
     263
     292
     270
     278
     286
     298
     287
     276
     261
     270
     233
     297
     244
     232
     236
     264
     246
     266
     225
     249
     231
     220
     230
     232
     199
     167
     197
     220
     206
     154
     176
     141
     170
     173
     158
     165
     175
     150
     153
     139
     131
     130
     127
     110
     132
     115
     109
     103
      94
     115
     100
      98
      90
      85
      67
      90
      85
      75
      77
      79
      57
      66
      47
      52
      55
      44
      45
      53
      35
      47
      40
      39
      44
      26
      38
      32
      27
      32
      25
      38
      25
      16
      16
      28
      24
      13
      17
      13
      15
      12
       8
      10
       8
       4
      12
      12
      10
       2
       5
       4
       5
       5
       8
       5
       5
       6
       7
       2
       8
       1
       5
       2
       2
       6
       3
       2
       2
       1
       1
       0
       1
       3
       2
       1
       1
       0
       1
       1
       1
       1
       2
       0
       2
       0
       0
       1
       3
       0
       1
       1
       0
       3
       1
       0
       2
       1
       2
       2
       2
       0
       0
       0
       1
       1
       1
       1
       1
       1
       1
       1
       0
       1
       1
       1
       0
       1
       0
       3
       0
       2
       1
       2
       4
       2
       1
       2
       1
       0
       1
       1
       1
       2
       1
       1
       1
       1
       1
       0
       1
       0
       1
       1
       3
       1
       1
       1
       2
       0
       1
       0
       0
       0
       0
       1
       0
       0
       1
       1
       1
       1
       0
       0
       1
       4
       1
       0
       1
       1
       1
       2
       0
       0
       0
       0
       3
       1
       0
       2
       1
       1
       2
       2
       0
       0
       0
       0
       0
       1
       1
       0
       0
       0
       0
       1
       0
       2
       0
       1
       1
       0
       0
       0
       0
       0
       2
       0
       0
       0
       1
       2
       0
       0
       0
       1
       1
       0
       1
       1
       0
       0
       2
       0
       0
       2
       1
       0
       0
       2
       1
       1
       0
       1
       0
       0
       0
       0
       1
       0
       0
       0
       1
       2
       0
       0
       1
       0
       3
       1
       0
       1
       0
       3
       1
       1
       0
       3
       1
       0
       0
       0
       1
       1
       0
       0
       0
       2
       0
       3
       0
       0
       0
       0
       0
       0
       1
       0
       0
       0
       1
       1
       1
       0
       1
       0
       0
       0
       1
       1
       0
       0
       1
       0
       0
       0
       0
       0
       0
       0
       2
       0
       1
       2
       2
       0
       2
       0
       0
       1
       0
       0
       1
       0
       1
       2
       0
       1
       0
       0
       0
       1
       1
       0
       1
       0
       0
       0
       1
       2
       0
       0
       0
       1
       1
       0
       1
       0
       1
       1
       1
       0
       0
       0
       0
       0
       1
       0
       0
       1
       1
       1
       0
       0
       1
       0
       1
       0
       0
       0
       0
       0
       0
       0
       1
       0
       0
       0
       0
       2
       1
       2
       0
       1
       0
       0
       0
       0
       0
       1
       0
       0
       0
       0
       1
       1
       0
       0
       0
       1
       0
       0
       0
       0
       0
       1
       0
       1
       0
       1
       0
       0
       1
       0
       0
       0
       0
       0
       0
       0
       1
       0
       1
       0
       0
       0
       0
       1
       0
       0
       0
       0
       0
       0
       0
       0
       0
       0
       0
       0
       0
       0
       0
       0
       0
       0
       0
       0
       1
       1
       0
       0
       2
       0
       1
       0
       1
       0
       0
       0
       0
       0
       0
       0
       2
       1
       0
       0
       1
       0
       0
       0
       0
       0
       0
       0
       0
       0
       0
       2
       0
       0
       1
       0
       0
       0
       0
       0
       0
       0
       0
       1
       0
       0
       0
       0
       0
       0
       0
       0
       0
       0
       0
       0
       0
       0
       1
       1
       1
       0
       0
       2
       1
       1
       0
       1
       0
       1
       0
       2
       1
       1
       0
       2
       1
       0
       0
       0
       0
       1
       0
       0
       2
       1
       1
       1
       0
       0
       1
       0
       1
       0
       2
       0
       2
       0
       0
       0
       3
       1
       0
       0
       3
       0
       0
       0
       1
       1
       0
       1
       1
       0
       0
       0
       0
       1
       2
       0
       1
       2
       1
       3
       1
       0
       1
       1
       0
       0
       0
       0
       0
       2
       0
       0
       1
       0
       0
       1
       0
       0
       1
       1
       1
       0
       1
       1
       1
       1
       1
       0
       1
       0
       1
       0
       1
       0
       0
       2
       0
       2
       1
       2
       1
       0
       5
       0
       1
       1
       1
       0
       1
       0
       0
       1
       0
       1
       0
       2
       1
       0
       0
       0
       0
       1
       0
       0
       1
       0
       3
       1
       0
       0
       1
       0
       1
       2
       1
       3
       2
       1
       1
       1
       2
       0
       2
       3
       1
       4
       0
       0
       2
       0
       0
       1
       0
       1
       1
       1
       0
       1
       0
       1
       1
       0
       0
       0
       1
       0
       0
       1
       0
       0
       1
       0
       0
       0
       2
       0
       0
       0
       0
