
       0
       0
       0
       3
       0
       2
       1
       2
       2
       2
       3
       6
       2
       4
       5
       6
       4
      10
      10
       8
       9
      13
      14
      18
      11
      44
     155
     367
     653
     856
     878
     859
     921
     983
    1049
    1097
    1214
    1304
    1299
    1503
    1603
    1846
    2037
    2252
    2340
    2352
    2243
    2284
    2235
    2096
    2187
    2077
    2095
    2131
    2302
    2472
    2678
    3040
    3286
    3709
    3895
    4207
    4593
    4790
    4727
    4849
    4915
    4970
    4927
    5090
    5148
    5121
    5160
    5107
    5307
    5290
    5033
    5030
    4924
    4828
    4606
    4658
    4575
    4586
    4415
    4105
    4136
    3745
    3665
    3642
    3726
    3588
    3711
    3485
    3531
    3477
    3460
    3513
    3438
    3515
    3483
    3481
    3314
    3468
    3329
    3300
    3304
    3421
    3404
    3340
    3294
    3315
    3363
    3218
    3293
    3267
    3313
    3473
    3427
    3337
    3370
    3498
    3387
    3478
    3494
    3454
    3443
    3517
    3477
    3430
    3636
    3619
    3615
    3743
    3736
    3633
    3741
    3646
    3764
    3875
    3978
    3751
    3976
    3829
    3826
    3859
    3941
    3912
    3970
    4073
    3997
    4007
    4008
    3998
    3967
    4211
    4113
    4055
    4100
    4082
    4095
    4099
    4053
    4188
    4146
    4202
    4255
    4196
    4272
    4216
    4143
    4164
    4123
    4127
    4054
    4108
    4235
    4219
    4177
    4035
    4146
    4134
    4046
    4105
    4196
    4007
    4089
    4177
    4091
    4140
    3975
    4082
    4232
    4201
    4155
    4169
    4221
    4272
    4281
    4452
    4361
    4345
    4450
    4566
    4627
    4590
    4557
    4649
    4725
    4846
    4825
    4989
    4905
    5086
    5190
    5181
    5259
    5237
    5444
    5430
    5600
    5633
    5804
    5720
    5801
    5727
    5821
    5901
    5894
    6010
    5873
    6018
    6090
    5983
    6089
    5985
    6002
    6039
    6030
    6080
    6002
    5984
    5966
    5839
    5705
    5690
    5581
    5589
    5618
    5535
    5495
    5391
    5411
    5233
    5317
    5273
    5110
    5126
    5151
    5016
    5083
    5095
    5059
    5021
    5075
    5176
    5118
    4975
    5183
    5085
    5042
    5099
    5199
    5241
    5268
    5115
    5290
    5376
    5241
    5470
    5450
    5563
    5397
    5516
    5417
    5549
    5566
    5496
    5682
    5810
    5619
    5713
    5693
    5803
    5888
    5920
    6064
    5878
    5954
    5980
    6104
    6174
    6198
    6173
    6148
    6447
    6304
    6309
    6568
    6571
    6560
    6528
    6859
    6765
    6805
    6850
    6844
    7087
    7021
    7290
    7107
    7293
    7300
    7459
    7471
    7738
    7668
    7789
    8101
    7945
    8378
    8417
    8497
    8515
    8731
    9044
    9216
    9415
    9486
    9762
   10031
   10224
   10428
   10883
   11169
   11470
   11836
   12033
   12334
   12539
   13040
   13471
   13673
   14157
   14418
   14873
   15254
   15743
   15786
   16264
   16442
   16964
   17293
   17249
   17662
   17862
   18364
   18527
   18800
   18728
   18727
   18705
   19045
   19187
   18944
   18956
   19080
   18904
   18848
   18503
   18442
   18289
   18150
   18200
   17886
   17594
   17288
   17061
   16840
   16467
   16237
   15954
   15705
   15303
   15020
   14661
   14682
   14406
   13840
   14033
   13599
   13446
   13563
   13126
   12972
   13011
   12815
   12778
   12636
   12435
   12435
   12587
   12359
   12320
   12229
   12087
   12225
   12159
   12082
   12118
   12139
   12091
   11954
   12071
   12146
   11759
   11762
   11814
   11749
   11677
   11568
   11752
   11254
   11352
   11320
   11395
   11039
   11033
   10915
   10732
   10525
   10831
   10555
   10529
   10542
   10363
   10152
   10207
    9853
    9990
    9773
    9657
    9501
    9638
    9372
    9331
    9332
    9190
    9104
    9089
    9013
    8884
    8849
    8886
    8901
    8695
    8564
    8401
    8446
    8418
    8365
    8448
    8376
    8149
    8186
    8235
    8063
    8135
    8162
    8133
    7982
    8016
    7898
    7970
    7809
    7875
    8001
    7956
    7835
    7894
    7769
    7720
    7777
    7912
    7857
    7895
    7738
    7733
    7775
    7856
    7852
    7835
    7580
    7862
    7745
    7697
    7781
    7815
    7631
    7753
    7646
    7870
    7858
    7808
    7609
    7643
    7783
    7644
    7882
    7839
    7674
    7627
    7775
    7661
    7681
    7873
    7937
    7653
    7779
    7713
    7877
    7927
    7948
    7683
    7780
    7668
    7805
    7711
    7887
    7628
    7877
    7773
    7858
    7732
    7830
    7675
    7760
    7720
    7929
    7704
    7808
    7801
    7849
    7769
    7768
    7979
    7968
    7788
    7957
    7861
    7960
    7908
    7931
    7913
    7819
    7720
    7766
    7890
    7904
    7864
    7912
    7985
    7740
    7832
    7726
    7875
    7780
    8038
    7701
    7946
    7861
    7816
    7972
    7872
    7785
    7737
    7904
    7855
    7836
    7935
    7909
    7843
    7868
    7907
    7758
    7855
    7952
    7785
    8043
    7899
    7954
    7851
    7816
    8076
    8075
    7793
    7779
    7900
    7944
    7951
    7965
    7932
    8022
    8118
    7864
    8032
    8064
    8053
    7967
    7839
    7962
    7763
    8035
    7710
    8063
    7815
    7935
    8109
    7862
    7945
    7912
    7871
    7778
    7909
    7933
    7752
    7760
    7825
    7689
    7758
    7765
    7846
    7752
    7837
    7908
    7685
    7811
    7845
    7863
    7819
    7868
    7858
    7784
    7620
    7922
    7632
    7656
    7830
    7745
    7718
    7700
    7783
    7942
    7630
    7675
    7673
    7681
    7763
    7593
    7786
    7611
    7577
    7621
    7591
    7756
    7646
    7736
    7621
    7417
    7693
    7552
    7675
    7507
    7515
    7668
    7482
    7685
    7602
    7629
    7594
    7569
    7653
    7698
    7627
    7576
    7789
    7486
    7446
    7479
    7467
    7590
    7639
    7527
    7397
    7468
    7385
    7582
    7623
    7573
    7580
    7361
    7527
    7439
    7491
    7421
    7491
    7333
    7355
    7476
    7584
    7360
    7481
    7386
    7304
    7302
    7208
    7323
    7395
    7185
    7331
    7371
    7310
    7330
    7282
    7347
    7070
    7389
    7262
    7311
    7316
    7151
    7271
    7042
    7117
    7240
    7106
    7116
    7180
    7281
    7091
    7125
    7084
    7097
    6932
    7235
    7052
    6935
    6997
    7199
    7157
    6915
    7074
    7128
    7034
    7040
    7123
    7015
    7175
    7124
    6977
    6761
    7061
    6936
    6880
    6935
    7005
    7005
    6916
    7011
    6743
    7029
    6769
    6885
    6855
    6783
    6788
    6806
    6808
    6917
    6787
    6839
    6818
    6798
    6815
    6911
    6753
    6912
    6764
    6761
    6828
    6788
    6798
    6725
    6741
    6735
    6781
    6640
    6752
    6852
    6828
    6770
    6692
    6653
    6790
    6611
    6724
    6714
    6785
    6798
    6802
    6793
    6594
    6716
    6669
    6767
    6722
    6807
    6842
    6701
    6702
    6730
    6836
    6820
    6791
    6652
    6719
    6675
    6696
    6651
    6860
    6845
    6667
    6792
    6794
    6859
    6706
    6856
    6897
    6716
    6715
    6737
    6720
    6730
    6795
    6828
    6806
    6725
    6833
    6820
    6650
    6699
    6731
    6677
    6726
    6767
    6796
    6837
    6778
    6677
    6615
    6753
    6704
    6669
    6674
    6587
    6745
    6793
    6715
    6719
    6553
    6516
    6491
    6580
    6515
    6558
    6672
    6618
    6571
    6529
    6605
    6519
    6482
    6520
    6581
    6587
    6427
    6425
    6428
    6426
    6511
    6320
    6283
    6304
    6346
    6353
    6355
    6300
    6317
    6197
    6260
    6309
    6194
    6280
    6313
    6213
    6143
    6371
    6281
    6289
    6215
    6205
    6109
    6204
    6185
    6134
    6103
    6109
    6079
    6075
    6078
    6014
    6053
    6174
    6028
    6033
    6012
    6057
    5988
    6127
    6113
    6064
    5944
    6027
    5934
    5899
    5961
    5965
    5909
    5895
    6031
    6030
    5953
    5905
    5954
    5861
    5928
    5895
    5947
    5953
    5836
    5913
    5904
    5997
    5907
    5914
    5803
    5918
    5882
    5998
    5853
    5931
    5800
    5893
    5904
    5899
    5897
    5813
    5817
    5842
    5836
    5960
    5811
    5933
    6024
    5945
    5847
    5905
    5687
    5754
    5809
    5785
    5737
    5768
    5805
    5751
    5884
    5705
    5599
    5720
    5825
    5747
    5738
    5655
    5788
    5777
    5756
    5932
    5726
    5734
    5943
    5811
    5798
    5787
    5867
    5933
    5920
    5859
    5879
    5873
    6009
    5981
    5771
    5911
    5876
    5858
    5868
    5911
    6029
    5836
    5928
    5875
    5834
    5984
    5865
    5937
    6099
    5970
    6010
    6185
    6098
    5974
    6056
    6086
    6019
    6072
    6163
    6245
    6088
    6141
    6221
    6186
    6262
    6174
    6273
    6357
    6287
    6336
    6286
    6430
    6333
    6417
    6457
    6472
    6526
    6459
    6620
    6626
    6555
    6622
    6579
    6673
    6618
    6686
    6526
    6569
    6667
    6415
    6570
    6671
    6821
    6716
    6635
    6696
    6801
    6761
    6590
    6739
    6616
    6718
    6838
    6634
    6618
    6676
    6543
    6524
    6655
    6622
    6618
    6700
    6686
    6710
    6732
    6653
    6586
    6630
    6505
    6348
    6611
    6511
    6455
    6585
    6560
    6444
    6340
    6430
    6420
    6373
    6284
    6440
    6265
    6307
    6190
    6325
    6126
    6201
    6170
    5968
    6111
    6027
    6034
    5908
    5994
    5924
    5873
    6059
    6028
    5879
    5716
    5697
    5796
    5862
    5737
    5750
    5525
    5657
    5635
    5646
    5509
    5541
    5580
    5437
    5497
    5318
    5276
    5387
    5279
    5310
    5231
    5237
    5148
    5081
    5151
    5044
    5002
    5096
    4924
    5062
    4967
    4989
    4943
    4941
    5005
    4824
    4922
    4783
    4852
    4982
    4902
    4867
    4806
    4738
    4824
    4688
    4655
    4683
    4674
    4673
    4738
    4616
    4765
    4699
    4612
    4671
    4630
    4598
    4723
    4490
    4526
    4593
    4565
    4481
    4551
    4438
    4416
    4283
    4521
    4417
    4468
    4530
    4488
    4365
    4423
    4433
    4264
    4392
    4441
    4495
    4408
    4571
    4362
    4401
    4454
    4383
    4295
    4460
    4237
    4383
    4477
    4311
    4207
    4423
    4297
    4353
    4290
    4264
    4389
    4374
    4218
    4199
    4318
    4471
    4295
    4263
    4301
    4428
    4194
    4294
    4333
    4222
    4282
    4229
    4237
    4341
    4243
    4222
    4330
    4247
    4341
    4184
    4316
    4169
    4358
    4284
    4156
    4238
    4231
    4324
    4179
    4228
    4390
    4378
    4274
    4290
    4223
    4307
    4276
    4269
    4253
    4409
    4228
    4217
    4283
    4264
    4311
    4349
    4178
    4224
    4409
    4319
    4279
    4167
    4238
    4407
    4243
    4280
    4395
    4313
    4330
    4272
    4368
    4438
    4330
    4222
    4338
    4398
    4436
    4420
    4391
    4376
    4322
    4440
    4274
    4322
    4353
    4356
    4286
    4299
    4288
    4297
    4413
    4349
    4361
    4334
    4351
    4352
    4243
    4271
    4394
    4355
    4382
    4224
    4387
    4217
    4244
    4291
    4305
    4240
    4294
    4317
    4369
    4201
    4175
    4283
    4281
    4263
    4349
    4232
    4263
    4169
    4086
    4229
    4210
    4221
    4283
    4203
    4158
    4165
    4208
    4164
    4090
    4077
    4199
    4217
    4198
    4067
    3996
    4126
    4099
    4051
    4084
    4066
    4056
    4062
    4037
    4071
    3929
    4032
    3940
    4052
    3976
    3883
    3926
    3844
    3918
    3879
    3893
    3870
    3728
    3859
    3897
    3888
    3854
    3738
    3851
    3934
    3755
    3845
    3666
    3669
    3791
    3632
    3698
    3556
    3850
    3644
    3515
    3592
    3726
    3606
    3602
    3642
    3609
    3620
    3486
    3526
    3543
    3468
    3485
    3434
    3544
    3467
    3413
    3438
    3405
    3467
    3517
    3460
    3441
    3453
    3402
    3476
    3411
    3431
    3339
    3479
    3292
    3320
    3379
    3358
    3370
    3437
    3185
    3230
    3335
    3300
    3185
    3222
    3281
    3250
    3209
    3229
    3371
    3321
    3297
    3279
    3330
    3350
    3400
    3257
    3283
    3292
    3326
    3240
    3333
    3219
    3338
    3363
    3365
    3304
    3383
    3216
    3136
    3270
    3266
    3373
    3297
    3250
    3223
    3331
    3322
    3334
    3303
    3341
    3430
    3397
    3498
    3380
    3299
    3328
    3445
    3392
    3349
    3347
    3488
    3403
    3472
    3319
    3397
    3481
    3434
    3355
    3506
    3445
    3467
    3441
    3538
    3448
    3412
    3454
    3555
    3536
    3538
    3568
    3602
    3468
    3506
    3647
    3576
    3544
    3656
    3628
    3741
    3545
    3641
    3589
    3591
    3668
    3654
    3551
    3636
    3750
    3702
    3712
    3652
    3697
    3690
    3806
    3683
    3671
    3776
    3816
    3763
    3758
    3787
    3689
    3769
    3839
    3789
    3740
    3844
    3864
    3856
    3881
    3779
    3754
    3854
    3785
    3771
    3840
    3770
    3737
    3845
    3862
    3840
    3842
    3797
    3931
    3771
    3736
    3815
    3850
    3868
    3805
    3783
    3773
    3793
    3924
    3786
    3807
    3901
    3817
    3883
    3767
    3785
    3747
    3890
    3852
    3846
    3742
    3809
    3845
    3761
    3838
    3778
    3787
    3735
    3739
    3675
    3639
    3803
    3693
    3691
    3629
    3659
    3671
    3682
    3583
    3748
    3522
    3545
    3552
    3584
    3515
    3633
    3595
    3534
    3606
    3584
    3422
    3459
    3450
    3488
    3390
    3464
    3302
    3458
    3324
    3372
    3381
    3338
    3313
    3296
    3290
    3206
    3198
    3246
    3201
    3266
    3127
    3043
    3181
    3223
    3108
    3105
    3056
    3132
    2972
    3046
    2953
    3048
    3021
    3039
    2948
    2938
    2902
    2959
    2878
    2975
    2887
    2904
    2879
    2829
    2769
    2832
    2846
    2713
    2766
    2656
    2742
    2761
    2632
    2659
    2605
    2602
    2610
    2617
    2600
    2630
    2590
    2525
    2544
    2510
    2497
    2520
    2627
    2549
    2530
    2596
    2459
    2453
    2422
    2525
    2530
    2394
    2438
    2450
    2399
    2436
    2412
    2390
    2383
    2364
    2386
    2344
    2260
    2283
    2371
    2304
    2337
    2422
    2259
    2246
    2331
    2304
    2306
    2259
    2237
    2346
    2187
    2279
    2248
    2310
    2220
    2251
    2213
    2143
    2205
    2222
    2254
    2171
    2193
    2289
    2219
    2225
    2276
    2139
    2175
    2265
    2146
    2201
    2214
    2220
    2194
    2135
    2289
    2105
    2076
    2068
    2131
    2048
    2170
    2123
    2159
    2168
    2119
    2136
    2155
    2101
    2225
    2113
    2202
    2130
    2115
    2105
    2095
    2207
    2046
    2083
    2163
    2118
    2062
    2156
    2115
    2143
    2070
    2083
    2106
    2077
    2056
    2157
    2113
    2113
    2185
    2128
    2066
    2177
    1993
    2046
    2087
    2057
    2052
    2134
    2153
    2102
    2067
    2055
    2065
    2006
    2127
    2044
    2143
    2085
    2055
    2118
    2047
    1999
    2085
    2077
    2081
    2101
    2090
    2053
    2027
    2026
    2086
    1956
    2075
    2064
    2075
    2043
    2006
    2019
    1974
    2006
    2041
    1971
    2040
    2045
    2117
    2073
    2007
    1959
    1911
    2004
    2011
    2002
    2037
    2033
    1969
    1964
    1992
    1929
    2027
    2019
    1955
    2037
    2090
    2031
    2030
    2038
    1937
    1912
    2003
    1951
    1987
    1937
    2037
    1937
    1978
    2013
    1966
    2005
    2024
    1952
    1952
    1929
    1932
    1903
    1940
    1873
    1960
    2047
    1891
    1952
    1994
    1923
    1905
    1961
    1911
    1905
    1922
    1957
    1933
    2012
    1871
    1912
    1967
    1993
    2002
    1820
    1826
    1860
    1985
    2013
    1872
    1954
    1902
    1904
    1905
    1889
    1923
    2011
    1944
    1930
    1885
    1931
    1947
    1912
    1868
    1863
    1862
    1986
    1838
    1853
    1891
    1917
    1897
    1897
    1910
    1856
    1857
    1919
    1928
    1895
    1838
    1839
    1940
    1896
    1750
    1825
    1864
    2005
    1877
    1934
    1863
    1895
    1829
    1899
    1878
    1891
    1873
    1872
    1793
    1851
    1909
    1886
    1857
    1852
    1849
    1810
    1820
    1874
    1835
    1828
    1794
    1829
    1845
    1821
    1826
    1866
    1839
    1921
    1842
    1886
    1806
    1780
    1874
    1824
    1868
    1900
    1828
    1774
    1863
    1762
    1778
    1786
    1824
    1912
    1775
    1810
    1785
    1843
    1749
    1824
    1821
    1844
    1806
    1851
    1866
    1772
    1802
    1811
    1791
    1836
    1800
    1814
    1841
    1798
    1816
    1785
    1828
    1828
    1819
    1843
    1810
    1784
    1781
    1803
    1772
    1716
    1801
    1819
    1836
    1867
    1831
    1811
    1741
    1814
    1786
    1759
    1778
    1732
    1809
    1758
    1854
    1775
    1765
    1751
    1755
    1754
    1762
    1827
    1766
    1760
    1861
    1680
    1756
    1756
    1691
    1774
    1874
    1786
    1786
    1771
    1800
    1798
    1732
    1779
    1759
    1776
    1741
    1751
    1807
    1711
    1758
    1716
    1769
    1800
    1789
    1768
    1705
    1690
    1782
    1775
    1739
    1769
    1766
    1748
    1710
    1792
    1708
    1695
    1778
    1715
    1776
    1765
    1777
    1813
    1793
    1719
    1774
    1731
    1774
    1679
    1650
    1746
    1802
    1780
    1802
    1761
    1762
    1759
    1749
    1720
    1693
    1698
    1759
    1735
    1761
    1671
    1801
    1729
    1789
    1778
    1780
    1719
    1672
    1760
    1694
    1767
    1730
    1807
    1738
    1725
    1746
    1722
    1766
    1707
    1738
    1779
    1749
    1816
    1698
    1739
    1703
    1777
    1755
    1739
    1715
    1701
    1837
    1774
    1727
    1748
    1726
    1747
    1791
    1728
    1674
    1691
    1779
    1799
    1758
    1770
    1800
    1765
    1815
    1714
    1765
    1779
    1776
    1757
    1786
    1790
    1737
    1754
    1728
    1785
    1805
    1726
    1792
    1787
    1692
    1846
    1704
    1793
    1726
    1776
    1804
    1783
    1777
    1729
    1759
    1828
    1824
    1784
    1843
    1748
    1809
    1823
    1779
    1818
    1791
    1791
    1768
    1735
    1850
    1789
    1771
    1830
    1748
    1812
    1846
    1772
    1935
    1787
    1780
    1795
    1795
    1796
    1864
    1755
    1837
    1715
    1857
    1861
    1838
    1881
    1817
    1866
    1748
    1760
    1814
    1898
    1833
    1889
    1783
    1833
    1779
    1881
    1899
    1817
    1926
    1897
    1843
    1845
    1897
    1836
    1865
    1871
    1853
    1858
    1908
    1904
    1928
    1894
    1853
    1877
    1982
    1889
    1841
    1835
    1881
    1883
    1902
    1895
    1788
    1815
    1913
    1913
    1915
    1914
    1941
    1841
    1917
    1921
    1831
    1887
    1884
    1867
    1872
    1899
    1916
    1982
    1900
    1854
    1920
    1798
    1869
    1848
    1909
    1966
    1854
    1935
    1858
    1898
    1876
    1790
    1834
    1910
    1911
    1878
    1803
    1955
    1947
    1852
    1870
    1850
    1821
    1897
    1839
    1797
    1772
    1878
    1874
    1797
    1833
    1791
    1816
    1753
    1798
    1785
    1896
    1840
    1827
    1849
    1780
    1836
    1823
    1797
    1684
    1835
    1756
    1825
    1838
    1721
    1814
    1756
    1754
    1752
    1680
    1780
    1616
    1702
    1802
    1829
    1744
    1773
    1716
    1727
    1696
    1774
    1673
    1696
    1677
    1666
    1715
    1724
    1641
    1649
    1619
    1734
    1616
    1629
    1677
    1640
    1704
    1597
    1764
    1643
    1642
    1642
    1619
    1582
    1612
    1600
    1572
    1601
    1625
    1565
    1621
    1643
    1577
    1535
    1613
    1522
    1533
    1552
    1530
    1560
    1608
    1600
    1562
    1567
    1462
    1595
    1609
    1507
    1556
    1535
    1558
    1559
    1518
    1487
    1519
    1491
    1466
    1510
    1479
    1537
    1527
    1536
    1495
    1522
    1474
    1511
    1443
    1486
    1500
    1487
    1464
    1403
    1420
    1540
    1390
    1452
    1475
    1458
    1503
    1425
    1402
    1436
    1516
    1455
    1420
    1502
    1452
    1500
    1513
    1394
    1459
    1425
    1394
    1362
    1462
    1421
    1426
    1420
    1338
    1431
    1398
    1428
    1401
    1441
    1424
    1411
    1478
    1392
    1379
    1378
    1424
    1506
    1448
    1471
    1478
    1469
    1444
    1466
    1461
    1385
    1488
    1496
    1481
    1476
    1487
    1471
    1469
    1407
    1428
    1472
    1443
    1430
    1445
    1405
    1449
    1504
    1421
    1466
    1451
    1423
    1377
    1424
    1449
    1445
    1490
    1531
    1438
    1438
    1478
    1487
    1489
    1491
    1434
    1450
    1467
    1469
    1525
    1454
    1503
    1510
    1463
    1504
    1469
    1501
    1510
    1513
    1481
    1429
    1492
    1510
    1475
    1495
    1547
    1537
    1518
    1505
    1469
    1557
    1578
    1554
    1482
    1542
    1443
    1535
    1519
    1515
    1522
    1521
    1550
    1558
    1529
    1566
    1647
    1555
    1639
    1635
    1619
    1613
    1508
    1559
    1572
    1551
    1579
    1584
    1731
    1603
    1577
    1622
    1564
    1624
    1575
    1737
    1637
    1630
    1629
    1647
    1639
    1667
    1639
    1669
    1653
    1617
    1612
    1714
    1732
    1687
    1629
    1699
    1661
    1716
    1699
    1681
    1657
    1734
    1790
    1755
    1766
    1691
    1703
    1687
    1732
    1793
    1762
    1706
    1800
    1714
    1823
    1703
    1773
    1761
    1841
    1782
    1836
    1735
    1768
    1801
    1791
    1737
    1804
    1742
    1859
    1774
    1815
    1848
    1835
    1758
    1868
    1827
    1839
    1806
    1908
    1829
    1825
    1919
    1832
    1956
    1841
    1897
    1855
    1826
    1882
    1912
    1874
    1977
    1882
    1851
    1850
    1917
    1801
    1819
    1806
    1892
    1900
    1947
    1906
    1846
    1908
    1988
    1944
    1971
    1942
    1946
    1958
    1984
    1901
    1846
    1969
    1985
    1946
    1940
    1952
    1848
    2031
    1982
    2015
    2010
    1960
    1994
    1969
    1931
    1952
    2055
    1917
    1917
    2039
    1914
    1965
    1987
    2013
    1933
    1907
    2028
    2029
    2050
    2015
    1938
    1908
    2001
    1996
    2021
    2042
    1887
    1881
    2014
    1921
    1973
    2019
    1926
    1971
    1994
    1947
    1953
    1948
    1914
    2004
    1899
    1944
    1952
    1997
    1982
    1958
    1914
    1985
    2024
    2015
    1978
    1848
    1969
    2025
    1903
    1904
    1894
    2007
    1964
    1933
    1898
    1871
    1939
    1892
    1904
    1997
    1895
    1851
    1804
    1862
    1945
    1817
    1850
    1850
    1851
    1965
    1919
    1818
    1835
    1871
    1849
    1836
    1866
    1858
    1806
    1806
    1824
    1853
    1787
    1822
    1826
    1833
    1808
    1764
    1776
    1680
    1792
    1856
    1767
    1703
    1742
    1721
    1740
    1758
    1735
    1700
    1713
    1753
    1738
    1767
    1699
    1718
    1707
    1770
    1717
    1629
    1701
    1575
    1790
    1665
    1613
    1592
    1690
    1669
    1692
    1667
    1655
    1661
    1598
    1561
    1612
    1659
    1597
    1609
    1603
    1595
    1593
    1648
    1578
    1618
    1538
    1553
    1567
    1544
    1581
    1549
    1580
    1532
    1527
    1466
    1519
    1461
    1544
    1578
    1483
    1513
    1466
    1527
    1540
    1537
    1484
    1471
    1527
    1501
    1493
    1528
    1539
    1548
    1488
    1511
    1434
    1469
    1473
    1506
    1429
    1433
    1458
    1469
    1480
    1474
    1475
    1416
    1438
    1461
    1494
    1493
    1463
    1393
    1493
    1470
    1419
    1381
    1380
    1436
    1536
    1371
    1412
    1366
    1437
    1423
    1431
    1392
    1454
    1422
    1373
    1384
    1418
    1431
    1411
    1429
    1470
    1470
    1477
    1425
    1428
    1394
    1447
    1443
    1406
    1429
    1524
    1480
    1386
    1439
    1446
    1482
    1465
    1475
    1495
    1449
    1459
    1490
    1478
    1456
    1498
    1476
    1443
    1459
    1460
    1473
    1490
    1471
    1442
    1421
    1472
    1458
    1528
    1451
    1501
    1415
    1440
    1464
    1432
    1409
    1468
    1452
    1466
    1469
    1435
    1379
    1377
    1444
    1409
    1400
    1401
    1439
    1447
    1487
    1482
    1421
    1484
    1471
    1419
    1396
    1483
    1463
    1406
    1409
    1408
    1450
    1407
    1447
    1493
    1415
    1444
    1428
    1402
    1437
    1444
    1396
    1434
    1436
    1370
    1367
    1499
    1402
    1497
    1450
    1371
    1382
    1386
    1356
    1415
    1414
    1379
    1454
    1447
    1407
    1420
    1382
    1399
    1379
    1389
    1422
    1354
    1350
    1405
    1285
    1411
    1308
    1364
    1383
    1358
    1347
    1367
    1299
    1339
    1299
    1312
    1356
    1317
    1353
    1355
    1254
    1365
    1289
    1292
    1344
    1305
    1323
    1328
    1271
    1283
    1323
    1328
    1309
    1242
    1298
    1213
    1284
    1286
    1243
    1256
    1265
    1251
    1259
    1273
    1210
    1306
    1340
    1222
    1236
    1203
    1187
    1226
    1260
    1172
    1200
    1243
    1191
    1169
    1218
    1183
    1253
    1193
    1192
    1180
    1183
    1254
    1211
    1091
    1165
    1225
    1165
    1133
    1130
    1201
    1152
    1149
    1144
    1125
    1151
    1124
    1169
    1080
    1132
    1112
    1077
    1080
    1127
    1140
    1146
    1069
    1131
    1103
    1117
    1068
    1070
    1097
    1096
    1036
    1047
    1101
    1118
    1149
     994
    1047
    1088
    1078
    1113
    1126
    1082
    1085
    1064
    1134
    1108
    1074
     975
    1122
    1146
    1055
    1066
    1044
    1034
    1056
    1022
    1090
    1021
    1085
    1021
    1021
    1071
    1041
    1088
    1052
    1048
    1028
    1060
    1013
    1013
    1070
    1112
    1060
    1039
    1008
    1060
     987
    1069
    1026
    1026
     998
    1014
    1066
     993
    1056
     954
    1054
    1013
    1040
    1029
    1041
    1025
     982
    1020
     958
     994
    1038
    1044
    1025
    1037
    1030
     991
    1043
     991
    1007
    1045
    1031
    1068
    1036
     994
    1023
    1052
    1056
     992
     983
     992
     985
    1047
    1024
    1050
    1039
    1004
    1032
    1050
    1032
    1015
     957
     991
    1005
    1030
    1048
     991
     991
    1000
    1012
    1034
    1056
    1040
    1012
    1019
    1023
    1001
     973
     963
     997
    1020
     972
    1045
    1054
    1001
     990
    1020
     999
    1000
     990
    1022
    1053
     947
    1006
     969
     960
    1045
     999
     977
     979
    1063
    1014
    1032
     992
     980
     962
    1056
    1058
    1037
    1004
    1007
     968
     980
     997
    1007
    1009
    1054
    1022
    1002
    1034
    1024
    1088
    1020
     994
    1020
    1028
    1006
     997
    1022
    1014
     996
    1042
    1035
     961
    1007
    1011
    1061
     977
    1022
    1035
    1002
    1018
     978
     985
    1026
    1033
     975
    1080
     928
    1013
    1029
     963
    1026
    1079
    1017
     987
    1002
     998
     930
     981
    1041
    1026
     974
     961
     966
    1103
    1071
    1055
    1055
    1000
     898
    1032
     989
     944
    1015
     961
    1007
     989
     959
     991
     962
     966
    1008
    1005
     999
     997
    1039
     936
    1037
    1016
     943
    1013
     970
     990
    1027
    1010
     985
    1048
     950
     981
     977
     977
    1004
    1035
     996
    1012
     957
     986
     970
    1036
     987
    1021
     945
     958
     961
     994
     990
     967
     941
     929
     997
    1012
     970
     951
     968
    1039
     933
    1021
     969
     999
    1008
     995
     963
     993
     976
     954
     995
     981
     976
     947
     989
    1003
     975
     987
    1053
    1007
     987
    1009
     984
     962
     985
     932
    1021
     979
     910
     990
     997
     987
     963
     976
    1014
     900
     960
     986
    1015
     979
     937
    1005
     969
    1015
     935
    1026
     974
     956
     947
     996
     956
    1019
     957
     927
     978
    1005
     998
    1030
    1018
     947
    1046
     916
     950
    1021
     870
    1034
     967
     987
    1059
    1014
     910
    1002
     976
     961
     967
     965
     996
     905
     952
    1033
     995
     972
     997
    1007
     902
     985
     912
     934
     993
     945
     997
     929
     895
     959
     954
     923
     963
     957
     924
     950
     989
     888
     981
     940
     952
     942
    1006
     954
     949
     952
     966
     974
     951
     948
     961
     975
     985
     985
     958
     901
     913
     917
     932
    1010
     938
     879
     955
     904
     881
     910
     923
     928
     895
     947
     925
     933
     908
     926
     915
     888
     914
     876
     952
     938
     928
     891
     898
     890
     904
     938
     921
     948
     949
     947
     944
     914
     899
     879
     896
     906
     903
     982
     946
     906
     950
     927
     887
     896
     920
     898
     933
     915
     898
     902
     882
     955
     871
     883
     855
     906
     895
     934
     889
     862
     933
     869
     930
     885
     879
     931
     870
     872
     895
     904
     878
     831
     896
     859
     903
     872
     871
     904
     846
     957
     855
     847
     876
     874
     864
     844
     920
     814
     834
     893
     822
     874
     878
     906
     826
     865
     853
     888
     895
     820
     830
     932
     845
     836
     856
     920
     899
     806
     872
     813
     868
     877
     825
     839
     847
     821
     847
     850
     885
     832
     886
     864
     836
     826
     878
     899
     830
     914
     838
     833
     880
     850
     871
     823
     842
     836
     849
     838
     840
     896
     843
     831
     893
     816
     828
     855
     846
     852
     851
     854
     856
     827
     869
     791
     834
     901
     839
     809
     852
     837
     843
     842
     820
     885
     813
     859
     862
     894
     836
     874
     846
     867
     884
     844
     817
     825
     804
     791
     807
     863
     864
     880
     835
     867
     807
     845
     847
     845
     888
     878
     862
     825
     795
     829
     817
     762
     864
     832
     886
     839
     845
     870
     795
     828
     857
     833
     770
     858
     849
     902
     800
     872
     883
     821
     853
     886
     822
     831
     852
     886
     870
     858
     876
     864
     884
     844
     837
     813
     854
     859
     875
     850
     835
     820
     827
     821
     877
     900
     878
     827
     796
     875
     843
     854
     843
     920
     838
     853
     857
     858
     848
     881
     848
     869
     854
     809
     868
     851
     854
     861
     858
     869
     892
     901
     815
     831
     867
     868
     840
     908
     797
     900
     865
     805
     881
     854
     880
     859
     852
     873
     835
     882
     891
     863
     881
     846
     851
     784
     870
     859
     856
     811
     843
     859
     878
     816
     823
     868
     861
     828
     855
     838
     891
     852
     859
     852
     812
     849
     870
     866
     874
     879
     927
     797
     823
     839
     857
     855
     875
     861
     887
     838
     858
     859
     826
     852
     824
     807
     892
     829
     888
     875
     788
     831
     807
     823
     832
     843
     824
     834
     851
     892
     857
     853
     837
     886
     831
     897
     883
     852
     880
     807
     799
     799
     886
     809
     884
     837
     851
     870
     851
     886
     895
     878
     823
     875
     898
     832
     831
     842
     874
     920
     862
     860
     897
     827
     878
     814
     855
     913
     894
     911
     832
     870
     807
     853
     863
     927
     906
     882
     872
     873
     892
     891
     916
     932
     856
     844
     841
     897
     885
     888
     881
     842
     902
     905
     932
     866
     869
     941
     857
     890
     854
     881
     906
     911
     860
     906
     837
     904
     858
     877
     884
     867
     881
     877
     879
     901
     837
     888
     853
     872
     888
     864
     923
     878
     916
     890
     899
     861
     917
     926
     923
     860
     875
     856
     886
     869
     853
     925
     910
     875
     871
     897
     917
     932
     950
     918
     896
     917
     934
     910
     905
     959
     884
     927
     940
     909
     915
     910
     902
     859
     847
     919
     941
     923
     881
     912
     851
     925
     900
     991
     927
     941
     919
     903
     906
     945
     928
     920
     991
     941
     941
     911
     884
     906
     913
     962
     897
     941
     911
     938
     902
     932
     916
     916
     944
     893
     936
     999
     955
     952
     949
     966
     914
     930
     933
     897
     901
     947
     925
     935
     945
     977
     911
     939
     893
     948
    1004
     951
     909
     970
     932
     955
     985
     975
     923
     989
     908
     930
    1001
     927
     957
     964
     928
     923
    1019
     935
     934
     950
     992
     956
     929
     903
     954
     937
     910
     926
     984
     909
     968
     995
     936
     953
     940
     945
     979
     945
     997
     986
     993
     956
     957
     956
     992
     955
     954
     967
     900
     937
     995
    1023
     967
    1004
     953
     944
     919
     917
     925
     953
     916
     988
     951
     951
     907
     973
     993
     989
     951
     953
     958
     936
     916
     918
     892
     918
     924
     922
     931
    1017
     966
     902
     929
     932
    1013
     931
     952
     924
     941
     945
     998
     941
     930
     982
     910
     937
     947
     919
     926
     936
     905
     995
     972
     978
     947
     961
     934
     923
     918
     942
     948
     938
     961
     910
     979
     955
     935
     917
     930
     995
     981
     902
     972
     916
     935
     913
     925
     912
     913
     919
     954
     954
     920
     920
     961
     941
     867
     971
     904
     950
     887
     923
     906
     927
     950
     904
     902
     931
     984
     969
     943
     942
     992
     915
     956
     928
     944
     938
     935
     914
     889
     922
     948
     955
     936
     891
     910
     953
     938
     931
     993
     946
     991
     918
     965
     952
     917
     943
     945
    1008
     923
     913
     919
     987
     914
     941
     960
     948
     929
     894
     957
     948
     867
     885
     922
     932
     893
     935
     971
     924
     929
     959
     955
     896
     977
     942
     934
     952
     963
     959
     961
     919
     953
     932
     934
     980
     932
     898
     967
     916
     924
     923
     944
     936
     900
     927
     990
     939
     931
     911
     906
     927
     906
     895
     981
     941
     918
     872
     946
     972
     983
     914
     941
     946
     901
     965
     984
     935
     933
     947
     928
     970
     943
     926
     915
     915
     955
     910
     912
     958
     918
     850
     945
     925
     935
     950
     897
     930
     943
     923
     844
     866
     912
     901
     915
     942
     920
     928
     924
     892
     863
     956
     939
     959
     894
     943
     894
     871
     943
     930
     937
     866
     944
     911
     839
     876
     935
     930
     919
     904
     893
     906
     937
     947
     948
     910
     939
     876
     910
     821
     938
     912
     887
     833
     941
     925
     910
     845
     933
     892
     939
     917
     903
     889
     893
     864
     864
     884
     941
     919
     929
     858
     885
     826
     875
     894
     825
     908
     909
     889
     906
     873
     858
     908
     866
     816
     863
     906
     866
     861
     868
     874
     803
     828
     926
     880
     832
     821
     906
     873
     840
     834
     804
     836
     817
     814
     849
     812
     836
     852
     784
     827
     868
     824
     824
     847
     798
     758
     844
     823
     840
     859
     803
     798
     856
     822
     819
     827
     788
     830
     802
     814
     851
     858
     850
     821
     772
     781
     816
     828
     776
     815
     773
     827
     787
     816
     798
     827
     743
     769
     745
     827
     815
     790
     777
     754
     825
     798
     778
     791
     768
     810
     751
     813
     789
     737
     790
     750
     810
     800
     804
     786
     770
     773
     751
     802
     803
     837
     757
     791
     731
     774
     767
     782
     781
     794
     831
     820
     777
     709
     745
     745
     742
     764
     741
     722
     769
     767
     752
     761
     760
     747
     745
     727
     796
     769
     787
     696
     771
     750
     771
     754
     726
     769
     755
     762
     813
     801
     801
     724
     735
     761
     773
     761
     759
     762
     749
     809
     748
     670
     787
     752
     747
     795
     711
     754
     757
     749
     801
     743
     760
     754
     741
     751
     797
     701
     744
     769
     749
     777
     720
     779
     752
     782
     789
     772
     737
     729
     745
     788
     728
     694
     776
     710
     761
     717
     737
     786
     748
     785
     781
     779
     746
     767
     782
     671
     793
     736
     783
     765
     769
     797
     706
     751
     792
     794
     723
     787
     787
     756
     721
     730
     796
     750
     736
     805
     747
     732
     775
     754
     747
     753
     791
     749
     713
     747
     771
     765
     759
     741
     692
     737
     657
     735
     720
     695
     694
     727
     761
     719
     725
     743
     762
     772
     731
     734
     749
     765
     750
     726
     736
     778
     782
     763
     715
     758
     770
     731
     775
     762
     788
     734
     765
     727
     780
     737
     759
     765
     733
     760
     722
     733
     736
     773
     762
     782
     742
     728
     764
     790
     739
     756
     715
     734
     727
     744
     749
     810
     721
     760
     790
     755
     770
     787
     727
     757
     793
     726
     740
     754
     776
     706
     721
     725
     740
     781
     751
     823
     797
     780
     731
     731
     774
     789
     748
     772
     778
     791
     747
     745
     739
     741
     790
     755
     745
     766
     757
     751
     737
     779
     772
     772
     779
     747
     799
     758
     791
     729
     733
     729
     747
     762
     763
     762
     809
     733
     812
     814
     823
     768
     817
     793
     808
     809
     789
     769
     791
     748
     837
     799
     793
     797
     772
     745
     778
     781
     763
     777
     763
     759
     784
     818
     770
     816
     806
     771
     755
     762
     735
     753
     761
     728
     840
     769
     774
     770
     736
     836
     823
     762
     827
     786
     794
     747
     731
     794
     758
     783
     834
     835
     813
     786
     812
     781
     788
     790
     832
     807
     792
     810
     790
     835
     820
     771
     811
     804
     786
     815
     808
     836
     911
     789
     778
     805
     832
     775
     846
     770
     808
     803
     797
     835
     843
     845
     858
     875
     818
     864
     845
     794
     849
     793
     843
     814
     813
     822
     887
     826
     831
     853
     803
     820
     811
     808
     849
     789
     830
     824
     831
     844
     896
     836
     807
     867
     848
     849
     854
     785
     864
     810
     852
     847
     827
     851
     889
     878
     828
     850
     910
     876
     830
     834
     850
     809
     867
     846
     856
     808
     848
     824
     883
     841
     862
     893
     846
     902
     795
     897
     903
     829
     859
     833
     887
     898
     859
     905
     800
     903
     849
     896
     842
     891
     886
     886
     911
     870
     891
     877
     854
     872
     932
     826
     896
     871
     832
     907
     854
     865
     863
     889
     871
     869
     878
     917
     893
     876
     902
     892
     857
     890
     916
     906
     847
     857
     871
     925
     884
     838
     891
     839
     899
     843
     887
     873
     861
     924
     874
     904
     881
     931
     909
     883
     883
     850
     897
     840
     888
     921
     972
     924
     806
     821
     888
     873
     871
     851
     882
     910
     881
     894
     895
     913
     859
     882
     892
     858
     886
     878
     829
     887
     919
     930
     918
     889
     930
     928
     881
     875
     890
     851
     860
     909
     820
     917
     893
     944
     893
     884
     911
     859
     926
     878
     939
     886
     855
     873
     887
     898
     909
     886
     907
     844
     790
     887
     931
     900
     862
     857
     900
     945
     900
     848
     775
     861
     845
     863
     852
     868
     865
     837
     873
     905
     845
     874
     882
     868
     863
     816
     866
     835
     935
     885
     842
     867
     875
     871
     823
     841
     856
     832
     873
     838
     825
     837
     855
     918
     864
     855
     869
     888
     826
     854
     858
     829
     865
     847
     871
     875
     857
     818
     851
     842
     864
     879
     841
     819
     830
     866
     820
     816
     840
     825
     789
     846
     859
     859
     826
     783
     861
     752
     806
     837
     880
     849
     814
     864
     841
     835
     832
     839
     835
     767
     825
     849
     803
     794
     867
     856
     871
     823
     813
     822
     809
     801
     789
     837
     816
     849
     785
     793
     792
     825
     794
     779
     831
     817
     800
     782
     823
     875
     789
     804
     835
     810
     823
     822
     785
     798
     797
     813
     823
     815
     823
     760
     821
     781
     780
     797
     795
     815
     783
     808
     804
     771
     851
     762
     791
     765
     793
     781
     747
     774
     787
     803
     825
     773
     737
     762
     774
     771
     757
     764
     791
     752
     755
     758
     775
     794
     772
     805
     771
     782
     744
     773
     765
     790
     720
     749
     760
     744
     753
     759
     749
     749
     778
     827
     766
     766
     744
     789
     750
     751
     842
     724
     748
     721
     741
     760
     701
     733
     757
     713
     738
     740
     793
     754
     729
     777
     756
     705
     789
     805
     753
     738
     755
     707
     709
     758
     747
     726
     775
     758
     711
     786
     686
     750
     738
     756
     764
     724
     742
     722
     700
     733
     716
     744
     723
     760
     711
     724
     736
     723
     741
     666
     731
     733
     716
     726
     731
     723
     722
     721
     743
     718
     758
     726
     712
     703
     731
     687
     740
     704
     713
     689
     764
     716
     721
     731
     767
     740
     792
     728
     809
     814
     916
     956
    1037
    1204
    1322
    1385
    1584
    1755
    1889
    2115
    2258
    2547
    2758
    2935
    3191
    3375
    3601
    3891
    4163
    4403
    4416
    4688
    5011
    5094
    5265
    5495
    5663
    5881
    5965
    6048
    6240
    6226
    6241
    6279
    6280
    6352
    6369
    6179
    6143
    6124
    6055
    6103
    5718
    5621
    5698
    5443
    5344
    5265
    5040
    4941
    4822
    4681
    4523
    4389
    4316
    4311
    3995
    3724
    3646
    3572
    3342
    3307
    3033
    2926
    2845
    2696
    2582
    2434
    2299
    2201
    2082
    2085
    1917
    1826
    1735
    1671
    1606
    1539
    1439
    1377
    1337
    1298
    1266
    1309
    1158
    1204
    1195
    1065
    1145
    1109
    1019
    1008
    1076
     995
     978
    1047
    1040
     992
    1019
    1015
     978
    1003
     950
     935
    1013
    1008
     969
     960
     945
     918
     944
     900
     892
     917
     915
     924
     925
     908
     952
     895
     839
     891
     885
     908
     898
     946
     841
     860
     921
     896
     913
     822
     875
     871
     895
     860
     831
     857
     831
     825
     823
     856
     813
     767
     800
     794
     773
     832
     806
     802
     802
     775
     761
     803
     830
     834
     771
     808
     768
     765
     771
     797
     804
     771
     786
     785
     784
     765
     759
     754
     748
     756
     739
     756
     822
     741
     736
     759
     766
     713
     729
     718
     778
     745
     765
     722
     728
     696
     767
     714
     719
     720
     745
     751
     711
     702
     698
     716
     711
     745
     698
     735
     760
     736
     707
     719
     738
     712
     748
     684
     695
     665
     715
     716
     739
     752
     698
     704
     718
     648
     727
     672
     692
     630
     648
     643
     701
     709
     680
     698
     655
     724
     675
     676
     642
     701
     692
     675
     685
     649
     679
     730
     695
     630
     626
     662
     624
     649
     641
     649
     658
     642
     620
     679
     648
     628
     608
     667
     616
     674
     604
     605
     672
     682
     630
     632
     614
     644
     633
     671
     614
     670
     639
     611
     661
     621
     592
     622
     618
     615
     605
     635
     593
     595
     649
     570
     578
     570
     616
     644
     609
     580
     598
     634
     603
     556
     624
     622
     590
     610
     571
     622
     632
     604
     643
     610
     573
     587
     603
     628
     609
     615
     584
     600
     525
     600
     599
     596
     606
     563
     580
     603
     567
     552
     582
     583
     566
     592
     555
     541
     569
     578
     587
     581
     563
     586
     585
     561
     569
     554
     560
     626
     529
     550
     520
     569
     528
     559
     563
     563
     606
     551
     557
     519
     527
     550
     539
     554
     542
     600
     560
     577
     596
     548
     529
     566
     542
     546
     520
     565
     525
     564
     565
     518
     544
     498
     544
     528
     532
     498
     521
     519
     465
     502
     570
     523
     591
     505
     488
     520
     521
     595
     530
     544
     518
     517
     523
     522
     542
     551
     526
     523
     534
     532
     564
     523
     501
     538
     494
     511
     532
     521
     516
     529
     503
     521
     521
     489
     518
     518
     553
     476
     534
     483
     536
     559
     500
     482
     503
     483
     514
     490
     504
     490
     482
     503
     524
     482
     469
     492
     505
     494
     463
     520
     475
     492
     510
     508
     526
     472
     463
     514
     511
     494
     493
     501
     495
     495
     486
     452
     479
     506
     458
     451
     477
     481
     535
     489
     476
     501
     456
     459
     475
     499
     464
     455
     464
     474
     509
     466
     475
     481
     460
     473
     497
     515
     488
     439
     507
     517
     488
     491
     473
     493
     458
     510
     503
     486
     499
     498
     453
     451
     468
     440
     442
     527
     493
     517
     469
     502
     465
     433
     491
     476
     493
     413
     469
     465
     456
     471
     485
     498
     489
     476
     454
     454
     526
     485
     481
     447
     479
     495
     530
     494
     442
     491
     457
     502
     495
     501
     488
     453
     443
     506
     459
     470
     493
     468
     452
     444
     483
     451
     477
     538
     495
     519
     493
     486
     466
     501
     503
     463
     473
     481
     501
     502
     439
     483
     515
     477
     469
     514
     473
     531
     474
     529
     480
     519
     482
     488
     486
     526
     450
     491
     516
     494
     457
     488
     489
     497
     495
     470
     492
     498
     498
     508
     517
     502
     522
     509
     539
     519
     529
     480
     523
     535
     490
     504
     522
     492
     509
     487
     509
     528
     510
     497
     491
     542
     515
     507
     498
     490
     516
     493
     489
     522
     511
     508
     496
     515
     473
     462
     515
     471
     532
     527
     488
     549
     498
     509
     508
     504
     504
     482
     503
     540
     532
     523
     477
     532
     526
     527
     538
     551
     508
     542
     543
     519
     534
     566
     514
     546
     519
     529
     496
     529
     526
     509
     524
     536
     489
     511
     507
     531
     529
     584
     513
     575
     534
     558
     562
     558
     583
     577
     568
     556
     597
     555
     542
     566
     598
     600
     580
     583
     556
     545
     557
     557
     553
     562
     570
     569
     553
     571
     586
     574
     576
     540
     654
     579
     559
     596
     577
     608
     597
     619
     539
     614
     619
     618
     568
     610
     620
     601
     634
     605
     620
     632
     611
     627
     625
     669
     647
     651
     611
     651
     645
     639
     646
     664
     662
     662
     648
     667
     698
     641
     710
     680
     672
     675
     716
     759
     695
     714
     724
     719
     755
     733
     699
     759
     729
     731
     819
     757
     754
     727
     788
     794
     754
     819
     763
     825
     816
     779
     830
     855
     892
     902
     845
     808
     843
     847
     894
     856
     925
     861
     903
     945
     961
     959
     966
     977
    1035
     948
     959
    1003
    1027
    1054
    1058
    1061
    1003
    1116
    1092
    1086
    1096
    1101
    1113
    1108
    1195
    1161
    1171
    1147
    1204
    1128
    1208
    1222
    1236
    1316
    1223
    1270
    1299
    1255
    1279
    1355
    1313
    1405
    1365
    1339
    1383
    1383
    1379
    1415
    1492
    1425
    1453
    1482
    1536
    1573
    1523
    1609
    1586
    1537
    1617
    1731
    1567
    1598
    1628
    1695
    1698
    1734
    1778
    1780
    1737
    1814
    1861
    1880
    1768
    1839
    1944
    1916
    2029
    1953
    2033
    2036
    1973
    1952
    2122
    2182
    2076
    2058
    2162
    2060
    2153
    2272
    2227
    2201
    2184
    2280
    2342
    2352
    2344
    2402
    2328
    2531
    2364
    2437
    2466
    2420
    2519
    2529
    2630
    2455
    2600
    2646
    2673
    2724
    2720
    2766
    2734
    2739
    2807
    2842
    2824
    2770
    2834
    2857
    2907
    2964
    3023
    2980
    2952
    3029
    2996
    3006
    2982
    3156
    3094
    3136
    3196
    3131
    3272
    3194
    3262
    3287
    3311
    3349
    3243
    3229
    3380
    3380
    3461
    3434
    3433
    3401
    3581
    3457
    3501
    3387
    3602
    3549
    3613
    3598
    3605
    3611
    3697
    3550
    3807
    3605
    3590
    3666
    3698
    3763
    3732
    3771
    3725
    3841
    3824
    3888
    3800
    3816
    3946
    3848
    3835
    3789
    3873
    3959
    3851
    3810
    3888
    3953
    3959
    3851
    4007
    3934
    4034
    3937
    4010
    3936
    3963
    3960
    4006
    3973
    3942
    3934
    3978
    3959
    3985
    3959
    3883
    3915
    4097
    3893
    4014
    3857
    3869
    4001
    3969
    3953
    3939
    3964
    3815
    3824
    3873
    3979
    3850
    3802
    3807
    3847
    3847
    3799
    3764
    3809
    3778
    3765
    3651
    3795
    3802
    3655
    3647
    3624
    3671
    3710
    3586
    3653
    3567
    3508
    3485
    3478
    3527
    3449
    3417
    3500
    3379
    3366
    3392
    3297
    3279
    3289
    3315
    3183
    3269
    3221
    3146
    3080
    3084
    3031
    2982
    2873
    2984
    2944
    2796
    2886
    2866
    2809
    2843
    2829
    2808
    2849
    2612
    2601
    2746
    2591
    2734
    2495
    2524
    2538
    2413
    2444
    2433
    2361
    2381
    2301
    2342
    2231
    2285
    2320
    2208
    2179
    2142
    2166
    2090
    2056
    2038
    2035
    1918
    1942
    1868
    1848
    1849
    1854
    1741
    1720
    1706
    1774
    1745
    1735
    1703
    1634
    1509
    1501
    1590
    1500
    1544
    1514
    1462
    1375
    1376
    1389
    1367
    1346
    1285
    1308
    1288
    1318
    1215
    1213
    1243
    1151
    1161
    1154
    1186
    1077
    1100
    1139
    1031
    1032
    1074
    1058
    1019
     991
     929
     908
     958
     985
     942
     885
     851
     903
     907
     895
     860
     868
     883
     845
     818
     791
     800
     815
     765
     773
     758
     708
     755
     734
     719
     730
     682
     707
     663
     720
     638
     671
     689
     668
     688
     625
     683
     643
     643
     625
     620
     650
     636
     579
     617
     589
     598
     607
     562
     569
     573
     582
     560
     673
     584
     543
     522
     532
     548
     549
     536
     534
     532
     571
     568
     558
     587
     542
     576
     547
     556
     555
     564
     561
     531
     559
     515
     546
     556
     558
     574
     586
     522
     569
     559
     563
     563
     543
     547
     588
     555
     552
     563
     520
     549
     571
     552
     556
     563
     574
     525
     565
     575
     560
     592
     558
     567
     565
     555
     592
     584
     552
     549
     582
     520
     545
     607
     547
     558
     567
     586
     601
     607
     610
     573
     585
     618
     640
     581
     575
     578
     633
     610
     587
     592
     521
     616
     588
     596
     590
     616
     640
     596
     628
     603
     628
     566
     584
     587
     632
     593
     598
     636
     629
     587
     643
     598
     582
     665
     683
     666
     672
     626
     659
     651
     641
     650
     642
     698
     618
     652
     661
     672
     624
     624
     618
     648
     693
     633
     642
     660
     663
     616
     657
     690
     654
     639
     660
     643
     687
     690
     695
     699
     644
     680
     694
     635
     698
     655
     732
     718
     676
     672
     698
     672
     679
     683
     712
     686
     704
     663
     710
     673
     694
     685
     676
     707
     649
     696
     707
     739
     684
     676
     736
     683
     736
     665
     695
     655
     724
     666
     654
     681
     696
     676
     719
     654
     696
     735
     635
     691
     701
     689
     655
     661
     625
     658
     706
     666
     641
     640
     654
     696
     633
     716
     639
     660
     677
     665
     672
     691
     669
     666
     678
     645
     702
     649
     624
     665
     605
     685
     651
     623
     684
     649
     677
     644
     674
     636
     647
     647
     687
     617
     639
     622
     636
     606
     625
     613
     636
     647
     629
     619
     637
     598
     672
     611
     617
     698
     621
     597
     603
     597
     640
     627
     634
     613
     611
     607
     607
     568
     644
     610
     653
     665
     606
     602
     636
     603
     615
     600
     578
     580
     618
     591
     578
     596
     565
     559
     588
     584
     653
     631
     614
     612
     585
     600
     644
     627
     618
     609
     577
     632
     583
     656
     606
     618
     667
     654
     673
     603
     607
     616
     638
     604
     664
     672
     623
     649
     661
     670
     689
     655
     614
     647
     617
     603
     631
     664
     620
     646
     673
     683
     610
     619
     629
     601
     672
     643
     626
     618
     698
     633
     632
     678
     678
     664
     625
     680
     638
     654
     656
     669
     596
     645
     701
     677
     690
     658
     673
     645
     661
     633
     688
     675
     660
     629
     672
     672
     636
     631
     644
     662
     640
     599
     658
     666
     655
     659
     669
     675
     634
     621
     637
     646
     612
     610
     638
     650
     613
     594
     596
     645
     598
     588
     571
     690
     593
     562
     611
     599
     588
     620
     618
     569
     541
     592
     583
     538
     550
     498
     572
     548
     546
     530
     543
     557
     572
     526
     572
     554
     555
     540
     499
     545
     524
     505
     502
     474
     495
     488
     495
     548
     476
     496
     484
     498
     460
     455
     476
     438
     469
     476
     480
     462
     417
     443
     430
     450
     404
     425
     419
     453
     407
     432
     403
     399
     411
     405
     402
     427
     423
     438
     453
     383
     401
     388
     390
     358
     372
     406
     386
     378
     400
     401
     391
     399
     384
     390
     364
     398
     362
     367
     335
     354
     362
     354
     390
     353
     380
     353
     357
     372
     357
     341
     353
     352
     320
     319
     347
     373
     311
     325
     338
     338
     369
     335
     328
     320
     353
     363
     320
     314
     352
     322
     304
     303
     334
     316
     337
     320
     339
     354
     308
     331
     327
     321
     320
     296
     289
     320
     304
     304
     321
     301
     341
     293
     286
     322
     309
     304
     353
     307
     313
     315
     346
     320
     329
     323
     282
     310
     280
     310
     276
     321
     302
     301
     324
     288
     312
     309
     307
     285
     312
     285
     278
     288
     302
     285
     296
     270
     260
     285
     284
     296
     290
     291
     300
     288
     305
     265
     295
     286
     274
     260
     271
     297
     320
     294
     302
     315
     254
     268
     299
     285
     249
     284
     272
     293
     299
     311
     275
     253
     271
     272
     288
     269
     288
     280
     261
     273
     314
     274
     251
     258
     274
     256
     283
     273
     273
     280
     255
     294
     299
     271
     268
     281
     254
     268
     268
     283
     292
     264
     269
     288
     248
     279
     283
     242
     304
     253
     262
     272
     288
     284
     260
     289
     259
     263
     275
     265
     251
     270
     274
     260
     256
     295
     284
     258
     268
     267
     260
     286
     260
     268
     295
     262
     264
     285
     251
     283
     280
     280
     314
     263
     276
     260
     286
     275
     271
     290
     285
     273
     278
     233
     278
     266
     286
     265
     275
     315
     278
     246
     304
     279
     271
     279
     269
     273
     290
     290
     308
     282
     272
     303
     273
     277
     342
     294
     265
     293
     296
     332
     281
     292
     317
     326
     291
     291
     318
     305
     281
     302
     319
     293
     291
     332
     307
     282
     279
     327
     293
     314
     328
     336
     314
     330
     336
     388
     321
     340
     371
     338
     329
     339
     302
     378
     337
     347
     366
     379
     353
     332
     342
     363
     371
     367
     384
     355
     375
     358
     376
     412
     376
     387
     376
     384
     351
     382
     399
     411
     380
     399
     429
     375
     401
     406
     396
     384
     377
     394
     395
     400
     419
     431
     420
     392
     372
     387
     393
     438
     424
     415
     390
     413
     415
     415
     432
     433
     400
     389
     453
     405
     428
     417
     436
     413
     427
     421
     469
     403
     416
     420
     430
     440
     431
     452
     407
     422
     416
     426
     426
     449
     413
     444
     432
     418
     434
     449
     466
     432
     424
     414
     419
     429
     429
     449
     458
     430
     490
     396
     437
     477
     463
     421
     438
     462
     488
     431
     438
     454
     472
     433
     480
     422
     451
     434
     468
     455
     447
     473
     456
     428
     425
     485
     463
     448
     424
     467
     432
     471
     404
     438
     468
     414
     415
     409
     441
     422
     398
     416
     440
     393
     422
     435
     413
     386
     407
     430
     449
     412
     416
     419
     404
     409
     414
     404
     394
     368
     433
     389
     414
     402
     396
     418
     406
     388
     362
     381
     349
     385
     384
     360
     367
     376
     399
     364
     371
     357
     404
     394
     362
     402
     336
     341
     383
     358
     392
     305
     388
     348
     398
     349
     362
     342
     358
     372
     385
     407
     328
     391
     357
     368
     360
     346
     439
     365
     360
     354
     367
     355
     334
     368
     347
     357
     362
     364
     342
     327
     351
     315
     382
     342
     358
     377
     366
     367
     335
     389
     356
     351
     365
     337
     327
     354
     352
     370
     335
     356
     388
     405
     410
     399
     371
     350
     395
     347
     357
     369
     348
     354
     349
     380
     361
     392
     367
     383
     351
     376
     398
     408
     408
     389
     403
     413
     395
     395
     348
     446
     441
     398
     426
     456
     428
     439
     447
     417
     439
     485
     443
     465
     443
     497
     455
     455
     514
     480
     473
     496
     532
     516
     535
     530
     576
     594
     572
     601
     588
     593
     611
     611
     653
     650
     694
     680
     699
     660
     662
     725
     661
     715
     722
     771
     758
     786
     818
     769
     789
     818
     837
     823
     806
     854
     887
     870
     858
     877
     888
     944
     904
     937
     998
     893
     939
    1024
     926
     942
     893
     970
    1010
    1031
     999
     969
     975
     956
     990
     953
     993
     955
     981
     994
     941
     930
     984
     913
     964
     940
     940
     892
     924
     892
     888
     920
     852
     891
     854
     847
     806
     855
     798
     776
     799
     800
     750
     694
     756
     741
     728
     720
     700
     671
     693
     650
     638
     667
     599
     507
     612
     587
     548
     509
     503
     493
     462
     490
     468
     450
     434
     386
     418
     385
     387
     382
     358
     323
     321
     341
     302
     307
     280
     251
     273
     254
     263
     226
     221
     248
     196
     210
     203
     189
     157
     152
     167
     160
     134
     157
     138
     121
     131
      99
     111
     108
     100
      86
      80
      81
      68
      77
      69
      57
      65
      62
      50
      53
      48
      55
      44
      47
      35
      36
      36
      36
      29
      27
      35
      23
      27
      22
      23
      14
      13
      18
      15
      20
       9
      16
      11
      12
      12
      11
      12
       8
      10
       8
       6
       9
       5
       5
      11
       6
       6
       9
      11
       7
       7
       9
       2
       5
       5
       4
       2
       5
       5
       6
       5
       2
       4
       3
       2
       6
       1
       4
       3
       0
       4
       4
       4
       5
       4
       3
       2
       2
       2
       3
       4
       1
       5
       6
       2
       2
       6
       4
       1
       4
       4
       5
       3
       4
       2
       5
       2
       2
       8
       4
       6
       3
       3
       2
       4
       1
       5
       4
       3
       2
       4
       4
       4
       5
       3
       3
       4
       3
       4
       3
       1
       0
       2
       1
       4
       1
       3
       3
       6
       1
       1
       2
       4
       3
       1
       2
       3
       2
       0
       2
       1
       5
       3
       0
       3
       2
       7
       1
       1
       1
       5
       1
       1
       2
       4
       2
       1
       4
       6
       1
       1
       3
       1
       3
       2
       3
       0
       2
       2
       2
       2
       4
       2
       2
       3
       1
       4
       2
       4
       2
       3
       1
       1
       1
       6
       5
       0
       0
       2
       2
       1
       5
       1
       4
       2
       5
       2
       3
       3
       1
       1
       1
       4
       3
       2
       1
       2
       2
       6
       4
       4
       2
       2
       6
       2
       4
       2
       3
       2
       4
       1
       4
       5
       1
       1
       0
       3
       3
       1
       2
       0
       1
       3
       3
       3
       4
       2
       3
       0
       3
       1
       4
       0
       2
       0
       4
       3
       2
       3
       3
       3
       1
       2
       1
       1
       5
       2
       0
       0
       3
       3
       3
       2
       3
       0
       0
       6
       2
       1
       2
       5
       1
       1
       2
       1
       2
       1
       3
       4
       2
       1
       3
       1
       3
       3
       0
       0
       1
       0
       0
       0
       0
       1
       2
       5
       1
       2
       1
       2
       2
       5
       2
       4
       0
       1
       0
       0
       2
       3
       9
       4
       1
       3
       1
       3
       2
       0
       3
       3
       0
       2
       0
       3
       1
       2
       3
       0
       1
       1
       1
       2
       1
       2
       1
       1
       0
       1
       3
       0
       3
       1
       1
       0
       0
       2
       0
       1
       0
       3
       1
       1
       0
       1
       0
       2
       0
       1
       0
       1
       0
       0
       2
       3
       1
       1
       2
       1
       0
       0
       0
       2
       2
       0
       0
       2
       0
       1
       1
       0
       0
       1
       1
       0
       0
       1
       3
       1
       1
       1
       0
       0
       1
       1
       0
       1
       0
       0
       0
       1
       1
       1
       0
       0
       1
       0
       0
       1
       1
       1
       2
       0
       1
       1
       2
       0
       1
       0
       1
       0
       1
       1
       0
       0
       2
       2
       1
       1
       2
       1
       0
       0
       2
       0
       0
       0
       0
       1
       1
       1
       0
       2
       1
       2
       2
       2
       1
       1
       0
       0
       0
       1
       0
       2
       1
       0
       0
       1
       0
       2
       8
       1
       4
       4
       3
       3
       3
       2
       1
       2
       4
       4
       2
       4
       4
       4
       2
       2
       3
       4
       4
       3
       1
       2
       3
       5
       2
       2
       4
       1
       5
       3
       3
       3
       3
       1
       2
       1
       2
       3
       2
       5
       3
       4
       5
       1
       5
       2
       3
       3
       1
       0
       0
       3
       1
       0
       2
       5
       5
       4
       2
       0
       2
       6
       3
       6
       4
       1
       1
       3
       4
       3
       5
       2
       1
       1
       6
       1
       6
       3
       4
       7
       2
       5
       1
       4
       2
       3
       1
       0
       7
       1
       2
       1
       0
       4
       4
       4
       5
       6
       1
       1
       4
       4
       1
       3
       3
       2
       3
       3
       4
       3
       2
       1
       5
       0
       3
       2
       2
       1
       1
       3
       3
       2
       6
       5
       5
       1
       4
       5
       2
       1
       1
       2
       4
       4
       1
       1
       0
       4
       0
       1
       3
       7
       1
       2
       5
       2
       2
       1
       1
       4
       1
       1
       4
       0
       2
       4
       2
       2
       3
       3
       6
       0
       1
       2
       0
       4
       1
       3
       0
       3
       4
       2
       3
       4
       1
       1
       4
       4
       3
       0
       2
       2