       1
       2
       1
       4
       1
       5
       2
       4
       3
       3
       5
       3
       4
       9
       6
       5
       7
       7
      11
       9
      14
       9
      13
      10
      88
     367
     723
    1057
    1404
    1669
    1502
    1245
    1181
    1282
    1257
    1433
    1442
    1596
    1777
    2067
    2399
    2633
    2885
    3136
    3311
    3294
    3311
    3356
    3142
    3413
   11069
   54984
  168885
  305213
  410319
  458415
  483667
  495970
  490592
  472776
  449944
  439518
  441803
  462494
  490762
  520935
  541662
  550958
  542010
  520734
  488879
  452892
  412076
  366767
  320481
  283772
  270285
  277666
  292469
  293085
  272815
  245818
  226882
  223374
  224026
  214148
  187128
  152476
  120256
   97683
   88731
   92196
  105029
  125398
  149890
  176840
  202818
  225314
  243390
  252649
  255186
  250314
  235252
  213194
  189028
  175349
  178448
  202610
  252374
  328122
  412427
  470349
  477023
  444858
  396032
  345822
  294826
  238915
  184989
  133175
   88776
   57040
   37298
   27245
   24499
   26208
   31948
   40205
   47893
   52719
   51654
   45979
   40385
   35158
   31481
   29052
   28596
   30063
   33226
   37653
   40282
   41770
   41821
   42476
   44583
   49341
   56454
   64473
   69727
   72502
   71389
   67295
   62603
   57322
   50574
   45200
   40592
   37617
   34450
   29415
   22947
   16495
   10932
    7602
    5549
    4856
    5402
    7354
   10960
   17024
   25302
   34417
   41137
   47358
   55730
   66462
   74845
   77558
   74199
   70754
   70111
   76549
   93494
  121558
  154565
  189467
  217098
  238242
  251405
  253669
  242738
  214829
  171889
  124585
   81499
   49581
   29402
   18169
   14651
   16485
   22283
   30609
   37121
   38764
   37358
   35448
   36853
   42140
   50748
   61023
   70558
   79609
   88456
  100967
  115121
  120991
  110258
   85962
   59711
   38338
   24700
   18488
   18192
   22884
   29945
   36620
   37805
   32945
   24769
   17738
   11912
    7917
    5604
    4241
    3714
    3513
    3280
    3150
    3215
    3213
    3043
    3097
    3069
    2957
    3086
    2979
    2880
    2827
    2802
    2803
    2721
    2666
    2675
    2595
    2580
    2532
    2660
    2503
    2518
    2414
    2511
    2455
    2421
    2424
    2509
    2446
    2384
    2405
    2427
    2462
    2447
    2404
    2378
    2452
    2439
    2392
    2471
    2499
    2452
    2499
    2473
    2468
    2474
    2539
    2509
    2506
    2552
    2596
    2529
    2647
    2610
    2565
    2533
    2547
    2517
    2615
    2751
    2580
    2581
    2693
    2729
    2723
    2694
    2784
    2714
    2808
    2757
    2772
    2819
    2853
    2964
    2928
    2826
    3041
    2990
    3045
    3104
    3226
    3094
    3197
    3308
    3161
    3355
    3325
    3292
    3507
    3705
    3549
    3572
    3678
    3776
    4034
    4026
    4099
    4204
    4263
    4371
    4548
    4629
    4828
    5008
    5155
    5418
    5413
    5698
    5897
    6103
    6204
    6591
    6721
    7028
    6969
    7282
    7625
    7994
    8207
    8480
    8369
    8727
    9064
    9185
    9392
    9658
    9763
   10010
   10244
   10366
   10482
   10592
   10522
   10757
   10904
   11365
   10824
   10895
   11044
   10586
   10875
   10713
   10779
   10541
   10717
   10279
   10249
   10019
   10073
    9750
    9555
    9422
    9134
    9166
    8717
    8855
    8799
    8278
    8318
    8116
    7949
    7720
    7584
    7414
    7441
    7364
    7242
    7247
    7205
    7196
    6945
    6929
    6934
    6856
    6986
    6857
    6842
    6873
    6975
    6809
    6850
    6806
    6812
    6874
    6861
    6776
    6763
    6766
    6761
    6753
    6708
    6565
    6676
    6643
    6616
    6660
    6509
    6441
    6433
    6317
    6458
    6307
    6272
    6099
    6064
    6026
    5896
    6009
    5747
    5883
    5640
    5743
    5439
    5510
    5421
    5283
    5200
    5386
    5237
    5160
    5129
    4992
    5088
    4973
    5007
    4960
    4974
    4852
    4772
    4834
    4803
    4822
    4831
    4712
    4724
    4722
    4704
    4765
    4727
    4801
    4531
    4739
    4585
    4596
    4690
    4695
    4691
    4692
    4601
    4752
    4634
    4642
    4654
    4707
    4645
    4695
    4668
    4826
    4708
    4632
    4752
    4793
    4706
    4843
    4913
    4800
    4819
    4777
    4855
    4731
    4690
    4752
    4809
    4867
    4780
    4751
    4906
    4701
    4929
    4764
    4916
    4874
    4950
    4821
    4891
    4903
    4851
    4820
    4767
    4805
    4922
    4948
    4978
    5100
    4887
    4847
    4939
    4996
    4980
    4938
    4915
    4897
    4952
    5135
    5011
    4884
    5036
    4923
    5078
    4986
    4910
    5000
    4999
    5045
    4940
    5054
    5012
    5179
    5036
    5012
    5128
    4988
    5067
    5045
    5026
    5122
    5008
    5093
    5038
    5145
    5090
    5044
    5060
    5197
    5090
    5086
    5104
    5028
    5131
    5083
    5107
    5157
    5119
    5201
    5126
    5140
    5159
    5100
    5095
    5041
    5129
    5104
    5101
    5107
    5179
    5026
    5016
    5244
    5201
    5114
    5199
    5098
    5273
    5167
    5084
    5185
    5185
    5210
    5007
    5058
    5050
    5163
    5265
    5158
    5164
    5375
    5089
    5213
    5163
    5161
    5119
    5195
    5117
    4889
    5117
    5052
    5031
    5000
    5181
    5063
    5135
    5149
    5167
    5063
    5136
    5073
    5134
    5023
    4960
    5116
    5101
    5063
    5085
    5100
    5059
    5159
    4924
    5116
    5109
    5098
    5133
    5148
    5110
    5089
    5089
    5055
    5065
    5108
    4987
    5138
    5104
    5028
    5016
    4960
    5050
    5077
    5142
    5122
    5115
    5028
    4951
    5001
    4928
    5056
    4947
    5080
    4937
    4948
    5021
    4905
    5059
    4982
    4880
    4892
    4923
    4866
    5019
    4986
    4953
    4801
    4912
    4907
    4976
    4878
    4987
    4832
    4892
    4875
    4866
    4810
    4895
    4907
    4895
    4887
    4869
    4877
    4890
    4890
    4823
    4900
    4895
    4870
    4847
    4775
    4820
    4860
    4847
    4769
    4839
    4771
    4872
    4790
    4838
    4830
    4724
    4719
    4701
    4748
    4761
    4717
    4693
    4692
    4757
    4766
    4753
    4741
    4717
    4752
    4765
    4691
    4866
    4727
    4663
    4647
    4707
    4720
    4636
    4685
    4573
    4555
    4643
    4624
    4545
    4521
    4668
    4587
    4671
    4629
    4609
    4564
    4663
    4485
    4658
    4685
    4621
    4495
    4461
    4501
    4564
    4592
    4578
    4526
    4524
    4622
    4542
    4456
    4544
    4451
    4573
    4483
    4477
    4481
    4538
    4330
    4550
    4373
    4464
    4507
    4549
    4353
    4351
    4509
    4446
    4409
    4401
    4345
    4384
    4478
    4352
    4298
    4408
    4346
    4441
    4276
    4257
    4444
    4532
    4286
    4283
    4333
    4446
    4461
    4366
    4366
    4429
    4291
    4354
    4302
    4336
    4253
    4257
    4460
    4317
    4236
    4297
    4313
    4234
    4313
    4369
    4323
    4197
    4303
    4320
    4256
    4389
    4285
    4245
    4196
    4242
    4182
    4339
    4259
    4237
    4266
    4229
    4308
    4255
    4277
    4289
    4285
    4232
    4235
    4110
    4101
    4277
    4222
    4326
    4311
    4259
    4176
    4090
    4237
    4116
    4203
    4096
    4135
    4106
    4310
    4189
    4211
    4127
    4204
    4172
    4214
    4209
    4163
    4129
    4090
    4222
    4142
    4187
    4092
    4123
    4216
    4170
    4024
    4169
    4074
    4151
    4060
    4062
    4085
    4022
    3895
    3999
    4022
    4027
    4062
    4021
    4047
    4080
    3971
    4098
    4032
    4031
    3999
    3893
    4032
    3922
    3948
    4031
    3981
    3823
    3922
    3976
    3848
    3889
    3851
    4002
    3883
    3925
    3978
    3808
    3912
    3802
    3924
    3749
    3804
    3823
    3903
    3919
    3952
    3917
    3832
    3815
    3784
    3769
    3848
    3967
    3832
    3753
    3879
    3750
    3763
    3790
    3798
    3854
    3760
    3793
    3817
    3801
    3700
    3689
    3845
    3798
    3627
    3788
    3771
    3958
    3646
    3598
    3762
    3735
    3617
    3707
    3627
    3596
    3819
    3845
    3611
    3755
    3609
    3679
    3578
    3748
    3704
    3592
    3739
    3694
    3663
    3709
    3543
    3642
    3633
    3650
    3655
    3602
    3571
    3568
    3618
    3731
    3830
    3531
    3666
    3543
    3532
    3545
    3662
    3687
    3570
    3504
    3461
    3569
    3620
    3535
    3559
    3624
    3498
    3535
    3627
    3533
    3563
    3542
    3558
    3647
    3657
    3607
    3487
    3535
    3471
    3465
    3489
    3519
    3520
    3435
    3461
    3531
    3551
    3587
    3556
    3569
    3489
    3493
    3544
    3498
    3622
    3492
    3514
    3467
    3565
    3557
    3563
    3507
    3373
    3613
    3503
    3452
    3519
    3431
    3473
    3630
    3430
    3500
    3459
    3529
    3544
    3522
    3514
    3495
    3558
    3553
    3479
    3513
    3622
    3605
    3560
    3517
    3563
    3723
    3531
    3488
    3614
    3480
    3469
    3539
    3534
    3592
    3545
    3548
    3510
    3461
    3472
    3543
    3527
    3486
    3468
    3517
    3580
    3608
    3584
    3546
    3456
    3524
    3545
    3608
    3547
    3447
    3499
    3441
    3515
    3484
    3476
    3542
    3485
    3577
    3496
    3464
    3440
    3491
    3437
    3411
    3392
    3358
    3411
    3366
    3330
    3431
    3398
    3436
    3351
    3448
    3304
    3444
    3282
    3451
    3295
    3322
    3369
    3388
    3241
    3178
    3213
    3246
    3315
    3228
    3204
    3219
    3182
    3175
    3150
    3185
    3074
    3087
    3129
    3118
    3208
    3028
    3162
    3159
    3084
    3017
    3139
    3049
    3121
    3023
    3066
    3083
    3090
    2894
    3013
    3002
    2954
    2975
    3006
    2931
    2956
    2982
    2960
    2898
    2925
    2909
    2837
    2814
    2855
    2850
    2813
    2852
    2934
    2804
    2874
    2888
    2878
    2891
    2692
    2811
    2828
    2721
    2829
    2793
    2749
    2758
    2798
    2692
    2843
    2788
    2697
    2742
    2698
    2643
    2651
    2715
    2719
    2671
    2575
    2669
    2650
    2685
    2709
    2688
    2622
    2710
    2740
    2649
    2681
    2649
    2635
    2584
    2641
    2622
    2695
    2603
    2598
    2649
    2618
    2601
    2622
    2615
    2590
    2575
    2563
    2647
    2540
    2502
    2527
    2547
    2505
    2654
    2522
    2607
    2537
    2561
    2597
    2483
    2603
    2577
    2585
    2481
    2590
    2527
    2514
    2442
    2489
    2561
    2553
    2517
    2464
    2543
    2510
    2453
    2651
    2586
    2419
    2585
    2553
    2507
    2536
    2517
    2516
    2441
    2498
    2598
    2583
    2428
    2494
    2542
    2519
    2546
    2525
    2538
    2474
    2474
    2508
    2518
    2477
    2522
    2461
    2547
    2457
    2534
    2497
    2584
    2583
    2446
    2606
    2497
    2491
    2490
    2478
    2451
    2541
    2450
    2512
    2543
    2432
    2600
    2433
    2533
    2464
    2480
    2564
    2503
    2444
    2480
    2512
    2414
    2504
    2494
    2443
    2499
    2510
    2465
    2459
    2466
    2464
    2487
    2468
    2408
    2474
    2392
    2385
    2481
    2454
    2516
    2478
    2375
    2338
    2445
    2429
    2426
    2437
    2485
    2511
    2416
    2351
    2394
    2359
    2423
    2335
    2397
    2368
    2332
    2343
    2231
    2381
    2405
    2363
    2244
    2382
    2379
    2353
    2315
    2323
    2349
    2380
    2300
    2277
    2278
    2316
    2345
    2359
    2306
    2176
    2236
    2286
    2476
    2315
    2353
    2309
    2350
    2236
    2210
    2135
    2246
    2237
    2225
    2301
    2202
    2281
    2270
    2199
    2293
    2140
    2206
    2213
    2181
    2174
    2271
    2190
    2230
    2235
    2100
    2212
    2159
    2230
    2149
    2121
    2136
    2182
    2181
    2118
    2161
    2102
    2037
    2148
    2121
    2133
    2100
    2073
    2154
    2044
    2016
    2045
    2077
    2027
    2081
    2113
    2131
    2088
    2047
    2042
    2103
    2073
    2064
    2018
    2055
    1992
    2034
    2043
    1917
    1961
    1988
    2000
    2048
    2012
    1948
    1968
    1974
    2008
    1996
    1943
    1933
    2013
    1902
    1949
    2028
    1998
    1961
    1940
    1934
    1894
    1990
    1942
    2045
    1946
    1913
    1950
    1859
    2025
    1957
    1977
    1910
    1887
    1972
    1944
    1934
    1928
    1934
    1960
    2007
    1882
    1951
    1913
    1937
    1864
    1918
    1927
    2037
    1916
    1939
    2009
    1972
    1928
    1918
    1939
    2006
    2015
    1900
    1983
    1910
    1942
    1980
    1943
    1928
    1894
    2009
    2000
    2051
    1906
    1949
    2010
    1980
    2044
    2032
    1981
    1926
    1923
    1959
    1996
    1976
    2010
    2004
    1928
    2006
    2062
    1980
    2002
    2034
    2029
    1975
    2040
    1963
    1991
    2010
    2000
    1980
    1908
    2030
    2091
    1986
    2048
    2016
    2042
    1997
    2008
    2054
    2062
    2050
    2064
    1996
    2013
    2065
    1996
    2019
    2062
    2051
    2020
    1981
    2016
    2012
    2025
    1997
    1985
    1993
    2037
    2009
    2086
    2041
    2046
    2005
    2090
    2102
    2003
    1975
    1919
    2080
    2041
    2169
    2018
    1957
    2018
    2008
    1974
    2023
    2020
    2012
    2032
    2029
    1959
    1910
    1932
    1921
    1942
    2046
    1983
    1952
    2039
    1945
    2013
    1908
    2024
    2017
    2083
    1954
    1988
    1949
    1899
    1953
    1949
    1960
    1969
    1877
    1887
    1947
    1924
    1850
    1854
    1949
    1851
    1839
    1979
    1877
    1795
    1807
    1881
    1895
    1816
    1852
    1832
    1818
    1817
    1780
    1896
    1781
    1850
    1737
    1868
    1809
    1819
    1834
    1759
    1761
    1758
    1784
    1834
    1708
    1771
    1757
    1746
    1726
    1745
    1768
    1764
    1787
    1751
    1728
    1741
    1708
    1618
    1702
    1684
    1665
    1586
    1612
    1667
    1621
    1547
    1605
    1645
    1667
    1628
    1684
    1642
    1550
    1563
    1603
    1614
    1551
    1563
    1519
    1553
    1512
    1530
    1541
    1537
    1499
    1412
    1538
    1468
    1491
    1518
    1579
    1421
    1487
    1489
    1508
    1508
    1545
    1527
    1468
    1494
    1407
    1426
    1451
    1458
    1416
    1477
    1390
    1440
    1373
    1415
    1397
    1389
    1434
    1423
    1450
    1336
    1423
    1316
    1368
    1362
    1397
    1273
    1383
    1429
    1394
    1398
    1385
    1351
    1335
    1417
    1366
    1372
    1378
    1431
    1391
    1361
    1339
    1357
    1368
    1373
    1322
    1327
    1289
    1383
    1371
    1305
    1342
    1370
    1325
    1328
    1310
    1328
    1350
    1340
    1346
    1332
    1269
    1332
    1335
    1297
    1261
    1338
    1341
    1270
    1229
    1331
    1326
    1291
    1354
    1301
    1321
    1272
    1334
    1281
    1256
    1325
    1339
    1340
    1311
    1297
    1253
    1311
    1303
    1276
    1229
    1257
    1263
    1300
    1337
    1258
    1298
    1313
    1267
    1312
    1262
    1178
    1317
    1311
    1317
    1266
    1234
    1255
    1332
    1263
    1206
    1316
    1216
    1293
    1199
    1264
    1308
    1221
    1274
    1284
    1227
    1251
    1233
    1287
    1267
    1292
    1197
    1243
    1209
    1269
    1304
    1213
    1248
    1266
    1277
    1259
    1255
    1247
    1235
    1198
    1145
    1229
    1278
    1238
    1259
    1241
    1270
    1201
    1197
    1215
    1203
    1144
    1159
    1233
    1269
    1200
    1127
    1230
    1169
    1223
    1222
    1190
    1200
    1212
    1240
    1177
    1162
    1215
    1197
    1214
    1197
    1221
    1224
    1181
    1223
    1155
    1157
    1253
    1231
    1179
    1218
    1140
    1162
    1199
    1215
    1215
    1235
    1203
    1165
    1209
    1187
    1204
    1237
    1182
    1149
    1236
    1187
    1179
    1148
    1139
    1124
    1187
    1161
    1146
    1132
    1211
    1109
    1118
    1128
    1124
    1159
    1086
    1107
    1139
    1155
    1103
    1231
    1171
    1132
    1143
    1118
    1163
    1140
    1179
    1119
    1172
    1108
    1106
    1108
    1178
    1091
    1084
    1175
    1127
    1099
    1198
    1094
    1072
    1134
    1166
    1178
    1157
    1122
    1130
    1166
    1170
    1128
    1042
    1054
    1157
    1133
    1103
    1140
    1145
    1112
    1112
    1153
    1159
    1020
    1109
    1123
    1144
    1058
    1117
    1116
    1152
    1081
    1010
    1126
    1135
    1127
    1110
    1165
    1088
    1051
    1107
    1107
    1110
    1093
    1132
    1131
    1171
    1053
    1089
    1100
    1098
    1102
     998
    1018
    1049
    1067
    1069
    1169
    1072
    1101
    1055
    1109
    1099
    1091
    1117
    1099
    1062
    1065
    1041
    1084
    1067
    1074
    1083
    1055
    1130
     996
    1045
    1036
    1111
    1099
    1023
    1083
    1052
    1089
    1095
    1096
    1066
    1058
    1077
    1095
    1137
    1020
    1085
    1108
    1035
    1113
    1083
     994
    1116
    1096
    1048
    1060
    1066
    1058
    1032
    1033
    1103
    1068
    1037
    1020
    1118
    1070
    1048
    1075
    1077
    1050
    1022
    1096
    1048
    1086
    1055
    1060
    1063
    1070
    1075
    1031
    1053
    1090
    1044
    1045
    1068
    1028
    1053
    1046
    1075
    1080
    1108
    1025
     985
    1039
    1057
    1022
    1057
    1031
    1061
    1069
    1049
    1097
     991
    1022
    1056
    1009
    1012
    1057
     991
    1065
     982
     987
    1001
    1023
    1000
    1078
    1048
    1080
    1026
    1021
    1006
    1056
    1041
    1043
     993
    1008
     983
     994
    1021
    1093
    1059
    1052
    1023
    1002
    1023
    1034
    1032
    1024
     991
    1004
     978
    1031
    1069
    1017
    1039
     994
    1042
    1033
     983
    1078
    1070
     981
     988
     982
    1014
     983
    1025
     996
    1009
    1007
    1036
    1040
    1025
     995
    1014
    1013
    1046
    1099
    1061
     988
    1054
    1019
    1071
     993
    1077
    1028
     992
    1036
    1046
    1049
    1068
     992
    1051
     996
    1016
    1029
     987
     990
     981
    1022
    1024
    1003
    1072
     998
    1040
    1015
    1027
    1029
    1017
    1079
    1070
    1006
    1032
    1028
    1110
    1053
    1048
    1052
    1038
    1064
    1093
    1028
    1118
    1018
    1067
    1003
    1049
    1066
    1005
    1068
    1056
    1089
    1079
    1064
    1072
    1045
    1064
    1070
    1075
    1100
    1059
    1108
    1051
    1099
    1036
    1060
    1068
    1006
    1004
    1078
    1051
    1056
    1092
    1118
    1070
    1035
    1054
    1095
    1074
    1109
    1084
    1098
    1092
    1170
    1064
    1119
    1020
    1121
    1066
    1088
    1131
    1121
    1107
    1141
    1110
    1082
    1074
    1134
    1099
    1149
    1130
    1157
    1099
    1072
    1113
    1133
    1139
    1184
    1111
    1144
    1094
    1075
    1110
    1082
    1078
    1096
    1017
    1099
    1106
    1097
    1143
    1157
    1152
    1096
    1084
    1156
    1175
    1105
    1173
    1122
    1129
    1110
    1144
    1121
    1062
    1143
    1098
    1103
    1058
    1124
    1076
    1096
    1113
    1168
    1088
    1165
    1107
    1131
    1120
    1142
    1122
    1148
    1144
    1078
    1104
    1171
    1073
    1083
    1081
    1074
    1126
    1086
    1024
    1105
    1091
    1133
    1098
    1066
    1067
    1061
    1081
    1121
    1109
    1035
    1102
    1063
    1070
    1080
    1077
    1038
    1024
     992
    1024
    1084
    1071
    1038
    1009
    1101
    1038
    1011
    1025
    1075
    1021
    1011
    1059
     994
    1049
    1027
    1016
    1029
    1101
    1046
    1064
    1051
     954
    1016
     986
    1009
     957
     989
     909
    1002
    1037
    1011
     911
    1032
    1021
     962
     957
     947
     930
     927
     957
     945
     950
     930
     947
    1008
     911
     942
     972
     914
     920
     922
     958
     918
     904
     908
     852
     847
     905
     897
     848
     903
     892
     915
     895
     883
     869
     864
     910
     869
     875
     886
     888
     860
     815
     844
     894
     866
     849
     895
     840
     866
     825
     912
     809
     820
     869
     868
     831
     836
     834
     796
     819
     837
     841
     833
     827
     818
     834
     846
     832
     778
     831
     842
     848
     793
     839
     800
     842
     843
     819
     829
     829
     808
     837
     791
     772
     856
     815
     840
     800
     804
     773
     785
     813
     833
     842
     847
     817
     800
     790
     789
     833
     839
     826
     811
     796
     818
     864
     868
     793
     825
     831
     826
     859
     799
     837
     816
     836
     807
     819
     801
     794
     848
     845
     844
     905
     801
     799
     783
     802
     827
     769
     838
     857
     820
     789
     852
     893
     807
     840
     767
     814
     784
     801
     807
     809
     768
     824
     772
     864
     787
     838
     840
     872
     844
     850
     822
     812
     868
     804
     832
     864
     826
     860
     832
     808
     826
     834
     852
     844
     868
     821
     879
     830
     858
     852
     870
     821
     847
     865
     822
     815
     845
     845
     864
     815
     890
     860
     861
     875
     840
     854
     859
     867
     806
     833
     892
     875
     924
     920
     884
     843
     861
     872
     865
     873
     841
     904
     919
     869
     905
     919
     878
     873
     880
     900
     849
     902
     893
     880
     899
     925
     924
     912
     883
     922
     908
     955
     924
     883
     964
     935
     889
     917
     920
     933
     920
     911
     891
     933
     936
     945
     885
     918
     894
     920
     956
     963
     872
     928
     898
     952
     971
     961
     980
     912
     928
     959
     978
     962
     938
     936
     966
     960
     920
     961
     951
     947
     963
     946
     981
     923
     919
     982
     949
     952
    1004
     977
     993
     981
    1043
    1018
     923
     974
     926
     977
     942
     980
     990
     997
    1022
     979
    1024
     965
     966
     942
     933
     979
    1021
    1043
     949
     945
     984
     967
    1009
     982
     991
     951
     928
     944
     969
     983
    1023
     996
     993
     939
     951
    1026
     982
    1000
     989
     956
     979
    1020
     987
     937
     971
     993
    1022
     983
     991
     969
     972
     958
     953
     996
    1005
    1008
     973
     976
     997
    1004
    1044
    1029
     953
    1018
     927
     964
     996
     954
     992
    1027
    1024
    1016
     926
     945
     931
     970
     999
     922
     946
     967
     971
     977
     990
     949
     971
     981
     932
     948
     983
     972
    1010
     918
     964
     904
     946
     925
     882
     949
     946
     986
     918
     976
     910
     929
     947
     925
     903
     948
     888
     910
     936
     898
     918
     848
     992
     962
     916
     903
     871
     939
     915
     946
     895
     904
     887
     926
     933
     916
     884
     904
     911
     884
     833
     859
     872
     883
     845
     889
     826
     885
     838
     872
     851
     952
     860
     852
     852
     897
     882
     870
     835
     874
     850
     817
     821
     851
     845
     820
     876
     875
     812
     851
     839
     780
     785
     836
     845
     844
     877
     860
     847
     866
     807
     820
     843
     812
     827
     825
     890
     842
     771
     854
     847
     824
     860
     780
     832
     825
     772
     842
     789
     833
     772
     848
     851
     855
     801
     756
     813
     805
     890
     820
     808
     855
     830
     866
     831
     908
     825
     780
     797
     839
     806
     846
     865
     822
     856
     831
     840
     846
     800
     807
     821
     792
     786
     820
     850
     807
     857
     820
     806
     831
     849
     866
     843
     862
     837
     828
     833
     855
     858
     874
     822
     858
     808
     864
     832
     812
     850
     873
     811
     819
     848
     872
     871
     839
     823
     921
     878
     852
     863
     877
     855
     831
     870
     827
     848
     857
     855
     847
     868
     844
     841
     869
     883
     856
     882
     851
     948
     842
     871
     848
     859
     912
     891
     891
     870
     856
     882
     841
     856
     844
     841
     912
     861
     820
     837
     842
     835
     853
     919
     816
     830
     813
     891
     877
     838
     837
     870
     868
     875
     803
     837
     835
     834
     825
     817
     821
     856
     860
     906
     875
     873
     826
     879
     809
     843
     883
     808
     805
     867
     865
     836
     841
     866
     797
     818
     833
     863
     774
     840
     793
     788
     780
     862
     808
     783
     858
     821
     837
     818
     810
     831
     810
     794
     774
     739
     813
     754
     755
     778
     743
     793
     788
     761
     734
     789
     758
     785
     753
     714
     746
     734
     748
     732
     741
     702
     747
     717
     755
     713
     675
     718
     735
     732
     731
     716
     734
     671
     704
     699
     713
     745
     687
     725
     678
     651
     716
     681
     715
     686
     685
     664
     659
     680
     628
     660
     685
     673
     639
     643
     642
     651
     691
     655
     638
     675
     647
     603
     656
     623
     611
     616
     591
     630
     660
     596
     615
     610
     601
     639
     604
     599
     634
     609
     594
     593
     581
     578
     549
     589
     605
     598
     569
     579
     553
     617
     600
     574
     631
     579
     573
     570
     573
     598
     602
     531
     604
     609
     561
     563
     578
     602
     551
     597
     579
     585
     552
     552
     570
     577
     555
     613
     573
     545
     588
     520
     604
     534
     567
     583
     547
     556
     549
     577
     586
     511
     522
     524
     554
     550
     522
     549
     571
     563
     569
     548
     550
     550
     576
     513
     543
     517
     556
     508
     527
     545
     504
     552
     531
     505
     547
     555
     495
     565
     521
     558
     512
     549
     502
     535
     541
     568
     553
     561
     520
     530
     529
     534
     536
     483
     505
     578
     545
     532
     488
     540
     490
     506
     539
     529
     548
     553
     536
     559
     535
     506
     540
     550
     484
     513
     555
     531
     480
     521
     530
     572
     457
     540
     516
     520
     534
     545
     564
     523
     543
     528
     573
     514
     530
     502
     530
     526
     498
     512
     528
     541
     512
     521
     535
     524
     537
     529
     511
     516
     540
     544
     515
     541
     538
     493
     516
     501
     536
     486
     524
     527
     537
     513
     499
     513
     497
     540
     524
     486
     480
     508
     554
     531
     547
     494
     546
     485
     517
     476
     500
     524
     543
     491
     515
     510
     528
     550
     516
     499
     546
     545
     553
     498
     515
     527
     504
     533
     510
     483
     498
     505
     559
     529
     512
     520
     487
     534
     552
     547
     506
     500
     473
     513
     505
     519
     520
     509
     521
     511
     522
     549
     527
     513
     530
     507
     558
     538
     510
     470
     528
     522
     457
     531
     511
     514
     514
     487
     523
     520
     527
     465
     484
     476
     534
     552
     495
     530
     515
     527
     511
     474
     463
     533
     521
     503
     499
     517
     504
     473
     530
     522
     547
     506
     491
     513
     489
     502
     523
     506
     494
     529
     553
     481
     502
     468
     496
     506
     528
     472
     484
     483
     543
     490
     472
     519
     507
     493
     478
     515
     502
     493
     520
     492
     507
     539
     500
     514
     484
     509
     494
     512
     490
     492
     509
     492
     534
     482
     521
     521
     470
     488
     457
     518
     484
     488
     520
     494
     513
     479
     535
     479
     481
     489
     471
     444
     477
     504
     505
     500
     503
     527
     465
     484
     508
     488
     503
     478
     493
     456
     493
     518
     510
     513
     519
     501
     479
     468
     483
     484
     442
     464
     542
     477
     498
     457
     516
     475
     477
     522
     502
     478
     452
     515
     458
     501
     503
     465
     485
     463
     482
     489
     454
     476
     493
     509
     470
     495
     455
     424
     482
     504
     452
     518
     451
     471
     479
     454
     485
     467
     456
     453
     469
     483
     469
     471
     457
     473
     454
     523
     473
     461
     480
     459
     471
     495
     469
     470
     471
     476
     465
     470
     490
     475
     459
     468
     486
     452
     452
     467
     448
     416
     463
     479
     471
     474
     458
     477
     453
     471
     463
     465
     479
     449
     462
     458
     469
     448
     467
     496
     460
     463
     444
     450
     480
     480
     447
     449
     455
     434
     484
     436
     415
     444
     462
     425
     459
     441
     426
     441
     445
     457
     444
     473
     445
     425
     451
     452
     455
     424
     425
     457
     437
     492
     451
     422
     414
     448
     442
     455
     445
     411
     429
     441
     451
     460
     451
     483
     433
     439
     414
     419
     438
     466
     378
     455
     416
     410
     421
     458
     416
     457
     424
     413
     445
     396
     444
     412
     399
     444
     490
     380
     405
     424
     448
     396
     408
     413
     430
     415
     421
     418
     425
     430
     473
     453
     411
     428
     426
     381
     443
     409
     422
     453
     418
     418
     423
     412
     446
     439
     427
     454
     421
     423
     410
     428
     452
     418
     437
     407
     430
     410
     468
     404
     456
     441
     457
     465
     449
     440
     423
     420
     411
     417
     433
     501
     461
     461
     408
     414
     418
     431
     414
     413
     437
     414
     398
     408
     438
     419
     424
     439
     428
     439
     437
     452
     453
     436
     408
     394
     455
     455
     419
     435
     388
     419
     465
     415
     425
     428
     440
     410
     428
     409
     400
     384
     439
     452
     448
     411
     452
     429
     455
     416
     404
     396
     416
     432
     416
     429
     430
     432
     401
     457
     431
     419
     444
     417
     412
     464
     451
     458
     402
     437
     436
     405
     417
     431
     429
     398
     424
     433
     444
     416
     462
     456
     396
     444
     451
     455
     391
     432
     436
     412
     424
     465
     404
     436
     403
     451
     434
     432
     395
     448
     421
     450
     449
     453
     433
     392
     440
     427
     421
     395
     433
     373
     455
     379
     393
     430
     410
     441
     405
     391
     459
     446
     425
     411
     436
     432
     444
     436
     380
     438
     411
     442
     415
     429
     423
     461
     461
     425
     436
     443
     424
     452
     484
     423
     424
     463
     434
     422
     405
     406
     410
     438
     424
     409
     444
     443
     413
     398
     422
     430
     431
     402
     423
     394
     407
     404
     375
     412
     436
     430
     419
     453
     397
     427
     432
     428
     389
     452
     422
     402
     450
     432
     457
     434
     405
     403
     438
     384
     426
     396
     398
     424
     409
     441
     391
     430
     417
     465
     452
     412
     417
     416
     460
     433
     422
     406
     419
     438
     403
     431
     423
     424
     458
     428
     441
     434
     445
     412
     417
     420
     422
     468
     456
     400
     425
     419
     453
     416
     400
     412
     433
     394
     418
     438
     444
     416
     431
     443
     464
     435
     436
     412
     394
     433
     428
     403
     423
     436
     398
     437
     413
     416
     446
     428
     484
     421
     415
     434
     443
     450
     453
     434
     428
     411
     426
     444
     443
     417
     444
     467
     447
     438
     411
     427
     421
     401
     452
     430
     422
     426
     437
     435
     411
     435
     408
     453
     418
     432
     432
     419
     416
     439
     442
     417
     413
     424
     406
     457
     450
     389
     414
     427
     420
     463
     422
     447
     415
     447
     414
     430
     422
     421
     432
     456
     403
     424
     451
     432
     442
     452
     428
     409
     422
     436
     404
     420
     448
     406
     425
     452
     445
     435
     434
     431
     416
     418
     404
     411
     471
     403
     434
     472
     453
     442
     421
     415
     421
     477
     430
     408
     422
     439
     424
     494
     403
     446
     470
     433
     430
     420
     429
     456
     462
     437
     426
     418
     456
     455
     434
     422
     469
     402
     417
     413
     422
     446
     420
     452
     463
     437
     411
     399
     461
     425
     431
     431
     451
     452
     456
     442
     434
     461
     438
     454
     474
     422
     469
     411
     454
     446
     429
     434
     439
     419
     443
     463
     435
     457
     431
     449
     424
     458
     470
     444
     459
     469
     467
     445
     434
     421
     475
     448
     397
     438
     441
     465
     465
     435
     423
     409
     414
     445
     428
     399
     465
     421
     417
     476
     424
     455
     401
     426
     464
     462
     430
     446
     424
     426
     455
     446
     461
     486
     442
     417
     412
     453
     457
     443
     433
     459
     466
     447
     442
     452
     437
     405
     425
     467
     409
     429
     469
     455
     437
     410
     400
     401
     419
     448
     435
     409
     397
     426
     397
     444
     434
     405
     421
     426
     443
     415
     432
     445
     424
     397
     458
     441
     434
     430
     448
     396
     449
     418
     417
     436
     497
     437
     426
     406
     429
     403
     422
     434
     427
     428
     406
     434
     431
     399
     432
     445
     442
     407
     408
     394
     431
     415
     436
     418
     414
     428
     426
     374
     416
     404
     449
     448
     416
     412
     409
     413
     421
     390
     416
     414
     434
     389
     452
     409
     446
     386
     450
     423
     446
     438
     416
     461
     428
     433
     443
     409
     430
     411
     423
     428
     459
     346
     408
     376
     406
     423
     397
     419
     355
     427
     433
     409
     427
     420
     403
     409
     399
     441
     411
     434
     442
     406
     433
     395
     411
     405
     403
     416
     433
     406
     365
     402
     432
     394
     373
     413
     404
     429
     387
     400
     403
     416
     393
     370
     392
     374
     408
     432
     405
     419
     430
     428
     394
     401
     384
     422
     411
     410
     405
     402
     416
     393
     424
     398
     391
     408
     411
     420
     423
     412
     401
     408
     431
     387
     406
     396
     402
     411
     399
     379
     408
     361
     391
     409
     394
     360
     384
     406
     410
     395
     373
     408
     397
     373
     392
     398
     370
     423
     409
     410
     390
     388
     362
     360
     411
     344
     439
     380
     389
     401
     323
     401
     359
     390
     389
     346
     366
     373
     358
     391
     387
     360
     398
     394
     376
     347
     363
     364
     359
     368
     359
     364
     398
     346
     357
     361
     343
     346
     382
     359
     391
     346
     358
     355
     414
     379
     363
     373
     369
     392
     348
     391
     382
     365
     387
     350
     357
     372
     375
     393
     373
     369
     363
     376
     380
     340
     352
     396
     319
     355
     366
     361
     366
     353
     374
     356
     376
     376
     363
     365
     360
     382
     328
     362
     343
     347
     368
     359
     342
     383
     361
     362
     356
     344
     379
     342
     302
     345
     348
     385
     358
     351
     345
     325
     324
     362
     330
     338
     352
     310
     348
     311
     371
     324
     366
     336
     331
     377
     348
     330
     335
     342
     363
     334
     345
     363
     363
     326
     347
     346
     333
     355
     342
     369
     327
     324
     336
     305
     351
     366
     389
     354
     317
     323
     330
     320
     340
     329
     353
     331
     345
     327
     365
     322
     363
     313
     340
     315
     360
     304
     343
     326
     344
     338
     335
     342
     346
     353
     362
     313
     344
     327
     291
     327
     353
     354
     375
     336
     343
     352
     307
     328
     339
     342
     340
     327
     357
     334
     351
     329
     335
     307
     316
     344
     325
     323
     320
     314
     329
     336
     334
     360
     309
     338
     351
     319
     352
     344
     332
     348
     313
     336
     321
     345
     362
     309
     325
     329
     296
     340
     342
     310
     316
     325
     306
     296
     305
     304
     295
     330
     343
     314
     295
     341
     335
     319
     317
     312
     308
     302
     311
     322
     331
     328
     322
     316
     344
     304
     302
     312
     325
     337
     338
     332
     319
     320
     299
     314
     325
     344
     334
     310
     334
     300
     344
     328
     340
     321
     301
     356
     300
     295
     338
     316
     340
     394
     318
     292
     304
     294
     328
     319
     328
     348
     313
     357
     323
     325
     331
     331
     360
     312
     327
     362
     330
     309
     342
     312
     333
     340
     308
     341
     347
     281
     323
     322
     322
     329
     322
     352
     349
     343
     310
     344
     336
     318
     341
     307
     359
     354
     361
     328
     352
     356
     283
     327
     327
     349
     338
     319
     339
     307
     334
     344
     357
     350
     354
     310
     342
     308
     340
     313
     304
     314
     315
     303
     344
     327
     358
     365
     327
     297
     317
     365
     335
     347
     331
     297
     347
     328
     316
     306
     360
     336
     372
     345
     309
     337
     348
     318
     347
     322
     308
     311
     327
     335
     324
     335
     311
     365
     332
     323
     351
     355
     302
     346
     337
     342
     353
     340
     365
     327
     361
     311
     328
     344
     339
     320
     300
     346
     347
     333
     329
     346
     380
     332
     349
     306
     343
     328
     340
     369
     323
     356
     350
     388
     308
     327
     350
     346
     329
     346
     329
     329
     355
     336
     358
     354
     337
     329
     356
     319
     360
     315
     328
     366
     348
     373
     365
     351
     326
     314
     337
     344
     358
     386
     327
     318
     362
     361
     388
     336
     342
     371
     356
     341
     376
     367
     359
     379
     357
     339
     367
     361
     357
     370
     379
     312
     368
     306
     348
     352
     352
     326
     369
     363
     346
     334
     362
     356
     356
     357
     349
     350
     394
     359
     368
     386
     380
     374
     380
     379
     365
     368
     323
     356
     374
     361
     360
     354
     380
     349
     347
     335
     345
     375
     363
     362
     322
     357
     352
     370
     355
     369
     348
     381
     357
     352
     386
     384
     370
     375
     391
     367
     356
     331
     386
     370
     331
     358
     381
     364
     379
     394
     356
     362
     347
     376
     385
     386
     347
     356
     377
     347
     373
     353
     357
     368
     379
     403
     373
     385
     351
     394
     371
     378
     394
     357
     361
     376
     378
     364
     383
     363
     384
     362
     394
     395
     414
     356
     387
     425
     346
     381
     372
     401
     386
     374
     353
     368
     378
     354
     379
     390
     367
     396
     384
     408
     340
     378
     384
     357
     382
     381
     407
     379
     393
     390
     358
     373
     382
     427
     355
     367
     371
     391
     324
     350
     364
     371
     400
     370
     352
     411
     365
     380
     339
     384
     389
     375
     410
     368
     356
     415
     384
     365
     359
     379
     367
     370
     360
     362
     405
     381
     341
     351
     384
     388
     381
     368
     346
     363
     351
     330
     369
     376
     381
     355
     359
     370
     363
     357
     374
     382
     335
     355
     345
     365
     360
     369
     379
     324
     361
     369
     326
     377
     346
     310
     331
     363
     387
     340
     405
     369
     356
     367
     399
     301
     393
     331
     381
     372
     360
     345
     321
     372
     360
     323
     330
     342
     328
     304
     337
     332
     365
     342
     352
     362
     349
     384
     364
     351
     418
     323
     337
     359
     356
     328
     352
     358
     367
     372
     360
     334
     339
     343
     330
     340
     332
     323
     374
     321
     309
     310
     326
     338
     349
     300
     366
     324
     336
     336
     333
     314
     343
     353
     326
     335
     307
     359
     295
     312
     342
     322
     311
     284
     344
     356
     337
     316
     332
     327
     358
     339
     317
     317
     318
     331
     319
     299
     331
     351
     356
     338
     316
     278
     309
     345
     303
     317
     333
     321
     322
     299
     314
     305
     329
     319
     301
     308
     293
     348
     306
     323
     308
     325
     311
     314
     303
     304
     321
     323
     319
     292
     339
     284
     287
     302
     296
     337
     289
     322
     332
     325
     300
     314
     316
     297
     318
     311
     339
     288
     291
     322
     294
     296
     307
     327
     292
     305
     284
     311
     291
     309
     274
     285
     293
     298
     318
     325
     294
     311
     309
     315
     267
     276
     286
     271
     282
     312
     292
     348
     322
     270
     273
     307
     298
     278
     328
     284
     248
     292
     312
     296
     301
     298
     295
     282
     285
     293
     328
     267
     308
     265
     310
     284
     284
     266
     265
     262
     297
     282
     279
     305
     313
     283
     289
     296
     312
     297
     306
     258
     308
     285
     301
     253
     278
     272
     299
     280
     300
     288
     291
     307
     283
     284
     295
     291
     240
     306
     300
     282
     250
     286
     302
     274
     288
     292
     271
     316
     306
     327
     335
     373
     383
     418
     455
     486
     590
     682
     833
     908
     988
    1163
    1300
    1517
    1682
    1956
    2150
    2424
    2814
    3249
    3509
    3869
    4281
    4494
    4974
    5387
    5705
    5982
    6047
    6572
    6827
    7005
    7127
    7226
    7284
    7391
    7331
    7483
    7288
    7310
    7135
    6932
    6750
    6419
    6340
    6152
    5902
    5668
    5557
    5193
    4885
    4520
    4493
    4274
    3831
    3674
    3447
    3202
    2933
    2614
    2538
    2217
    2161
    2009
    1774
    1719
    1537
    1440
    1374
    1229
    1190
    1170
    1015
     989
    1019
     959
     881
     868
     884
     793
     750
     766
     776
     761
     724
     730
     758
     699
     678
     682
     699
     640
     673
     648
     625
     644
     669
     600
     673
     613
     618
     581
     600
     616
     605
     608
     622
     586
     574
     624
     613
     581
     590
     616
     551
     548
     564
     556
     567
     518
     595
     527
     548
     537
     583
     550
     535
     556
     513
     516
     535
     508
     496
     566
     508
     555
     514
     520
     518
     489
     483
     470
     516
     523
     531
     463
     506
     496
     522
     508
     499
     505
     529
     495
     516
     480
     468
     479
     509
     466
     498
     465
     490
     475
     487
     422
     474
     466
     493
     462
     462
     465
     433
     480
     463
     445
     455
     452
     445
     490
     463
     465
     474
     436
     459
     461
     462
     484
     424
     457
     434
     412
     421
     432
     408
     462
     406
     440
     426
     445
     421
     413
     429
     435
     417
     426
     442
     420
     432
     425
     417
     388
     421
     430
     441
     409
     405
     409
     402
     423
     393
     400
     433
     429
     421
     447
     420
     415
     414
     385
     402
     427
     398
     398
     397
     413
     441
     432
     369
     411
     389
     396
     426
     428
     402
     429
     391
     370
     394
     400
     416
     408
     382
     397
     367
     393
     401
     396
     385
     418
     363
     404
     410
     379
     410
     399
     377
     400
     380
     383
     368
     407
     362
     355
     400
     405
     407
     382
     386
     388
     371
     395
     387
     359
     382
     355
     360
     394
     387
     363
     360
     350
     370
     388
     378
     355
     400
     369
     355
     365
     364
     380
     387
     372
     390
     340
     384
     403
     363
     385
     368
     382
     365
     370
     388
     374
     360
     378
     354
     400
     378
     388
     365
     346
     367
     369
     386
     342
     361
     388
     362
     329
     408
     334
     348
     395
     347
     377
     376
     361
     340
     334
     351
     389
     337
     356
     362
     344
     361
     329
     346
     319
     339
     342
     354
     359
     357
     335
     350
     337
     348
     366
     342
     338
     324
     320
     349
     342
     350
     355
     326
     344
     337
     337
     367
     339
     340
     336
     310
     314
     331
     338
     345
     339
     319
     331
     326
     325
     346
     315
     324
     335
     343
     323
     367
     343
     328
     322
     331
     336
     342
     320
     324
     322
     354
     350
     342
     353
     326
     328
     334
     332
     290
     314
     282
     322
     320
     319
     320
     298
     310
     307
     362
     313
     299
     343
     299
     350
     290
     308
     302
     304
     324
     272
     316
     349
     337
     330
     342
     308
     321
     333
     313
     310
     348
     320
     336
     321
     326
     318
     301
     341
     288
     316
     325
     316
     321
     340
     311
     329
     290
     320
     309
     309
     342
     310
     320
     320
     338
     350
     317
     328
     293
     332
     304
     286
     310
     326
     338
     313
     280
     318
     278
     297
     281
     321
     321
     331
     296
     327
     291
     314
     298
     343
     324
     324
     322
     319
     297
     277
     335
     300
     322
     309
     312
     336
     308
     308
     306
     321
     341
     320
     285
     329
     299
     292
     297
     310
     354
     323
     327
     300
     289
     297
     310
     294
     326
     312
     339
     303
     351
     331
     324
     340
     321
     311
     307
     320
     346
     329
     360
     323
     308
     281
     332
     306
     334
     331
     308
     294
     302
     322
     317
     331
     317
     346
     333
     328
     324
     318
     315
     295
     329
     317
     328
     332
     349
     344
     347
     285
     332
     316
     308
     334
     317
     334
     345
     329
     287
     318
     348
     351
     342
     356
     318
     302
     346
     336
     345
     309
     319
     356
     365
     344
     341
     383
     368
     333
     332
     332
     339
     341
     332
     315
     322
     314
     332
     361
     344
     354
     309
     323
     373
     349
     336
     339
     328
     353
     312
     349
     351
     356
     344
     322
     328
     366
     321
     341
     311
     350
     334
     345
     351
     315
     358
     369
     357
     334
     314
     351
     394
     338
     336
     347
     328
     366
     337
     349
     365
     362
     357
     358
     369
     362
     355
     372
     341
     350
     349
     368
     331
     381
     373
     341
     309
     352
     358
     348
     319
     358
     357
     353
     358
     368
     346
     341
     367
     354
     378
     374
     356
     359
     382
     344
     368
     381
     360
     370
     366
     329
     355
     386
     373
     371
     349
     356
     365
     374
     336
     369
     368
     373
     375
     401
     377
     396
     332
     385
     371
     378
     363
     369
     369
     399
     359
     386
     393
     404
     362
     357
     356
     389
     425
     377
     402
     379
     368
     360
     401
     400
     365
     399
     419
     392
     398
     380
     397
     378
     387
     372
     398
     424
     408
     400
     411
     396
     348
     415
     419
     387
     396
     376
     406
     378
     420
     417
     410
     386
     392
     401
     390
     407
     414
     428
     422
     438
     390
     441
     400
     450
     442
     400
     436
     397
     449
     384
     451
     445
     421
     403
     392
     462
     421
     413
     454
     453
     446
     407
     475
     446
     438
     427
     430
     406
     458
     463
     432
     479
     465
     459
     438
     421
     439
     481
     441
     457
     472
     468
     476
     493
     486
     471
     467
     439
     440
     449
     480
     471
     492
     483
     453
     458
     507
     473
     490
     513
     500
     473
     480
     473
     501
     490
     498
     500
     482
     515
     538
     489
     519
     535
     532
     505
     523
     464
     522
     572
     541
     528
     551
     525
     539
     549
     534
     551
     554
     563
     574
     541
     614
     574
     575
     575
     549
     632
     544
     551
     593
     584
     555
     609
     622
     590
     544
     603
     589
     606
     635
     608
     655
     629
     638
     618
     599
     621
     623
     648
     615
     660
     629
     666
     666
     637
     636
     634
     659
     655
     725
     682
     635
     744
     648
     684
     728
     674
     696
     693
     685
     754
     675
     723
     626
     730
     740
     712
     759
     740
     792
     706
     749
     777
     721
     768
     737
     715
     705
     711
     713
     788
     751
     768
     761
     788
     764
     784
     750
     766
     796
     768
     775
     802
     819
     780
     811
     748
     804
     809
     807
     814
     825
     833
     868
     857
     828
     833
     857
     812
     836
     788
     821
     788
     840
     862
     812
     811
     832
     826
     830
     863
     854
     856
     882
     880
     842
     843
     877
     935
     879
     823
     857
     882
     914
     879
     910
     864
     914
     902
     954
     929
     908
     892
     892
     890
     877
     909
     935
     888
     895
     924
     920
     907
     898
     890
     902
     876
     877
     901
     900
     929
     917
     863
     868
     888
     874
     892
     897
     900
     869
     865
     866
     856
     886
     883
     884
     859
     840
     871
     833
     884
     891
     853
     853
     839
     865
     914
     866
     832
     853
     877
     833
     826
     829
     783
     776
     762
     797
     792
     801
     788
     771
     785
     809
     809
     784
     802
     760
     763
     775
     763
     760
     794
     754
     798
     738
     749
     693
     796
     755
     741
     731
     751
     713
     703
     711
     711
     676
     689
     721
     676
     710
     699
     680
     705
     678
     644
     683
     665
     661
     697
     646
     670
     651
     669
     661
     623
     616
     617
     593
     632
     614
     617
     570
     579
     587
     572
     620
     554
     589
     564
     560
     586
     575
     611
     588
     576
     541
     550
     604
     584
     567
     582
     543
     567
     558
     485
     545
     542
     512
     497
     528
     569
     541
     539
     480
     518
     514
     500
     539
     514
     520
     470
     516
     475
     518
     482
     517
     478
     471
     475
     526
     489
     480
     494
     470
     502
     491
     476
     440
     449
     466
     427
     497
     449
     478
     483
     498
     441
     452
     497
     453
     491
     457
     415
     484
     486
     475
     506
     479
     503
     480
     461
     479
     472
     506
     482
     479
     452
     491
     469
     456
     511
     456
     510
     480
     484
     466
     473
     485
     485
     475
     490
     461
     500
     469
     462
     460
     487
     476
     460
     508
     515
     526
     487
     494
     464
     498
     509
     484
     470
     487
     485
     460
     472
     529
     452
     518
     507
     536
     515
     472
     510
     508
     491
     507
     468
     547
     492
     495
     517
     524
     525
     525
     505
     526
     491
     479
     550
     494
     537
     511
     523
     586
     487
     533
     515
     501
     522
     532
     496
     537
     540
     494
     572
     531
     545
     536
     539
     521
     566
     555
     490
     534
     534
     573
     491
     541
     532
     570
     550
     578
     550
     552
     602
     577
     572
     547
     516
     568
     629
     574
     580
     595
     636
     622
     587
     600
     616
     557
     569
     591
     592
     618
     640
     651
     583
     601
     643
     596
     603
     584
     595
     593
     613
     616
     600
     598
     644
     641
     596
     650
     576
     608
     621
     594
     614
     581
     580
     625
     590
     587
     630
     563
     599
     631
     586
     619
     567
     652
     607
     646
     593
     617
     627
     612
     665
     593
     600
     657
     601
     640
     614
     681
     644
     680
     612
     614
     598
     639
     588
     620
     577
     613
     627
     644
     624
     631
     617
     647
     579
     580
     596
     623
     609
     575
     640
     578
     600
     612
     570
     572
     594
     540
     566
     606
     578
     602
     606
     602
     588
     579
     578
     560
     561
     602
     615
     537
     595
     556
     560
     565
     565
     574
     571
     545
     523
     543
     553
     545
     567
     540
     577
     525
     527
     553
     551
     554
     533
     513
     534
     519
     537
     468
     459
     540
     519
     549
     493
     534
     530
     519
     504
     488
     533
     487
     544
     524
     486
     510
     495
     519
     484
     448
     514
     511
     452
     522
     482
     525
     485
     470
     489
     491
     473
     475
     485
     507
     504
     502
     466
     444
     487
     457
     460
     454
     465
     478
     477
     456
     506
     462
     453
     422
     496
     485
     439
     459
     472
     482
     480
     464
     432
     512
     484
     447
     454
     468
     474
     477
     456
     460
     451
     478
     490
     427
     434
     469
     435
     451
     468
     513
     449
     515
     475
     463
     502
     444
     508
     443
     486
     415
     486
     430
     465
     485
     498
     471
     495
     463
     485
     494
     476
     487
     495
     487
     442
     435
     491
     504
     455
     470
     479
     480
     518
     456
     473
     454
     523
     528
     429
     478
     457
     485
     489
     495
     462
     481
     508
     509
     544
     484
     482
     438
     456
     479
     450
     491
     476
     494
     511
     513
     494
     475
     499
     482
     454
     481
     451
     459
     474
     446
     479
     494
     450
     441
     464
     466
     469
     491
     428
     469
     480
     455
     471
     436
     444
     459
     451
     443
     467
     419
     420
     406
     436
     427
     425
     433
     411
     472
     437
     459
     427
     444
     405
     410
     474
     429
     429
     400
     414
     387
     406
     408
     368
     414
     389
     404
     368
     420
     394
     366
     369
     358
     367
     339
     370
     365
     379
     350
     355
     356
     357
     349
     367
     315
     342
     317
     337
     297
     330
     301
     317
     362
     323
     347
     315
     320
     306
     328
     325
     330
     311
     295
     319
     309
     272
     297
     304
     319
     292
     301
     304
     355
     249
     270
     285
     318
     259
     297
     297
     281
     289
     268
     292
     332
     289
     287
     312
     271
     282
     283
     284
     304
     275
     300
     293
     295
     267
     280
     276
     284
     250
     279
     256
     256
     274
     307
     268
     277
     265
     274
     290
     283
     294
     293
     280
     266
     293
     274
     247
     270
     264
     268
     273
     272
     285
     271
     291
     286
     259
     284
     282
     226
     270
     238
     274
     257
     271
     280
     252
     260
     276
     242
     254
     266
     261
     270
     270
     226
     245
     236
     241
     238
     258
     273
     255
     232
     245
     255
     262
     236
     245
     244
     221
     244
     274
     256
     267
     237
     208
     234
     210
     268
     268
     262
     262
     249
     259
     240
     226
     267
     272
     251
     249
     241
     233
     242
     256
     279
     258
     278
     261
     250
     246
     236
     253
     234
     251
     256
     230
     234
     234
     242
     218
     244
     250
     218
     238
     266
     232
     244
     228
     247
     234
     216
     223
     248
     263
     250
     226
     234
     215
     232
     214
     241
     239
     217
     221
     252
     268
     250
     246
     245
     252
     214
     252
     253
     253
     228
     234
     243
     241
     220
     231
     206
     211
     238
     208
     233
     240
     243
     231
     230
     273
     222
     270
     266
     245
     258
     217
     239
     254
     221
     220
     257
     228
     263
     241
     233
     227
     249
     207
     255
     244
     231
     262
     234
     226
     246
     260
     247
     224
     229
     255
     270
     256
     224
     233
     237
     269
     257
     243
     242
     233
     238
     246
     266
     247
     258
     259
     292
     281
     241
     285
     275
     239
     254
     229
     262
     262
     276
     298
     256
     281
     279
     271
     234
     255
     249
     263
     284
     275
     282
     239
     243
     248
     264
     302
     288
     275
     264
     274
     292
     247
     285
     282
     253
     297
     298
     274
     275
     283
     275
     306
     290
     268
     290
     283
     276
     329
     346
     285
     280
     319
     300
     288
     325
     313
     335
     304
     352
     300
     286
     337
     315
     326
     357
     312
     316
     317
     308
     343
     305
     289
     318
     345
     339
     366
     323
     367
     341
     330
     328
     342
     355
     334
     313
     335
     374
     356
     348
     312
     343
     299
     351
     351
     318
     332
     332
     355
     335
     338
     333
     365
     369
     357
     324
     354
     336
     385
     338
     376
     354
     348
     320
     352
     344
     334
     369
     371
     313
     324
     314
     356
     347
     353
     367
     383
     317
     325
     353
     362
     371
     362
     358
     332
     373
     356
     333
     360
     366
     348
     352
     333
     341
     329
     346
     370
     341
     362
     336
     332
     345
     334
     347
     327
     378
     356
     388
     321
     370
     372
     393
     347
     341
     342
     342
     364
     337
     349
     357
     329
     340
     345
     341
     315
     316
     381
     338
     288
     344
     316
     366
     327
     331
     353
     327
     313
     324
     342
     307
     342
     319
     355
     337
     316
     344
     334
     354
     328
     323
     333
     291
     292
     312
     314
     296
     298
     318
     323
     339
     308
     328
     307
     312
     291
     314
     270
     335
     341
     310
     300
     312
     353
     324
     327
     317
     304
     322
     303
     316
     303
     312
     307
     318
     298
     267
     324
     299
     307
     305
     303
     294
     328
     301
     274
     327
     321
     331
     303
     305
     313
     301
     315
     325
     287
     308
     323
     311
     332
     309
     291
     307
     324
     294
     314
     356
     258
     322
     305
     317
     316
     339
     334
     314
     329
     311
     320
     315
     336
     366
     340
     354
     339
     349
     333
     332
     355
     293
     335
     385
     360
     335
     340
     363
     378
     385
     389
     385
     384
     377
     369
     384
     390
     384
     391
     421
     382
     424
     415
     447
     404
     437
     465
     453
     458
     480
     423
     476
     490
     460
     535
     524
     502
     535
     509
     536
     524
     534
     573
     567
     579
     545
     570
     607
     589
     646
     644
     637
     657
     653
     669
     668
     722
     699
     721
     708
     714
     734
     734
     740
     739
     746
     752
     754
     809
     753
     828
     797
     813
     791
     876
     878
     835
     803
     824
     832
     774
     830
     859
     867
     822
     872
     843
     859
     833
     837
     850
     871
     870
     861
     804
     831
     782
     812
     826
     781
     741
     750
     697
     760
     732
     739
     718
     712
     691
     653
     660
     659
     621
     610
     626
     626
     598
     577
     549
     523
     525
     469
     537
     461
     474
     473
     452
     433
     425
     445
     388
     364
     355
     348
     365
     324
     302
     294
     267
     268
     255
     269
     277
     231
     209
     201
     227
     193
     175
     193
     187
     160
     162
     151
     127
     123
     123
     115
      99
     106
      89
      94
     100
      74
      78
      60
      58
      77
      58
      59
      50
      54
      48
      53
      41
      43
      33
      35
      26
      29
      24
      20
      27
      23
      26
      19
      15
      14
      19
      12
      15
      12
       7
      10
      12
       9
      10
       8
      11
       8
       8
       5
       7
       7
       5
       5
       8
       4
       7
       5
       9
       3
       2
       4
       2
       8
       4
       7
       5
       4
       4
       1
       2
       1
       4
       3
       3
       2
       2
       5
       6
       3
       3
       4
       7
       4
       3
       5
       4
       2
       6
       4
       0
       1
       3
       3
       4
       5
       6
       6
       3
       4
       1
       3
       8
       6
       3
       2
       3
       3
       3
       5
       4
       4
       1
       1
       6
       2
       3
       4
       1
       4
       6
       3
       5
       3
       5
       4
       5
       2
       6
       7
       7
       2
       2
       3
       5
       3
       4
       1
       3
       7
       4
       1
       3
       1
       2
       1
       1
       4
       4
       5
       6
       1
       1
       1
       4
       2
       4
       2
       4
       6
       7
       5
       2
       6
       5
       1
       4
       0
       2
       3
       4
       0
       2
       3
       3
       1
       2
       3
       3
       3
       2
       1
       1
       2
       3
       4
       3
       2
       3
       0
       2
       2
       2
       2
       5
       4
       1
       2
       4
       1
       4
       4
       3
       0
       5
       3
       3
       5
       2
       0
       2
       2
       4
       2
       1
       2
       2
       2
       2
       2
       2
       1
       3
       5
       3
       3
       3
       1
       3
       2
       2
       0
       2
       2
       5
       5
       2
       2
       0
       4
       8
       0
       5
       2
       3
       1
       1
       0
       3
       3
       1
       2
       1
       2
       2
       6
       6
       4
       5
       1
       3
       4
       1
       2
       1
       3
       7
       2
       3
       2
       3
       2
       5
       3
       5
       0
       2
       4
       1
       3
       1
       3
       2
       5
       1
       5
       2
       5
       4
       3
       0
       2
       1
       2
       2
       2
       1
       3
       3
       1
       0
       3
       2
       3
       2
       1
       2
       2
       1
       2
       2
       3
       1
       2
       3
       2
       2
       2
       2
       3
       2
       2
       3
       0
       3
       1
       1
       0
       2
       1
       2
       1
       2
       2
       0
       3
       1
       4
       3
       1
       0
       0
       3
       0
       1
       0
       3
       1
       0
       4
       1
       0
       0
       2
       0
       1
       4
       2
       1
       0
       0
       2
       0
       1
       0
       0
       0
       1
       0
       1
       0
       1
       3
       1
       3
       0
       1
       2
       2
       1
       0
       1
       0
       0
       0
       2
       0
       0
       0
       1
       1
       3
       0
       2
       0
       1
       0
       2
       2
       1
       2
       2
       0
       2
       1
       1
       2
       1
       1
       2
       2
       1
       2
       1
       3
       0
       0
       1
       0
       0
       3
       0
       1
       0
       0
       1
       3
       2
       0
       1
       0
       0
       1
       1
       1
       1
       1
       1
       1
       0
       0
       0
       0
       2
       0
       0
       1
       1
       0
       1
       1
       1
       1
       2
       0
       0
       2
       1
       2
       0
       0
       0
       0
       1
       1
       0
       1
       0
       3
       9
      11
      10
       8
      12
       6
       8
       9
       5
       5
       6
       8
       8
       7
       7
       9
       5
       6
       5
      10
       9
       4
      10
       8
       5
       7
       6
       2
       6
       6
      11
       7
       6
       8
       6
       6
       9
      13
       4
       7
       7
      11
       9
       5
       7
       7
      14
       6
       7
       7
       7
       5
       5
       6
      12
      11
       9
      13
       7
       5
       4
       8
       5
       4
       7
       5
       6
       3
       7
       7
       8
       6
       6
       7
       7
       4
       6
       2
       8
       4
       8
       6
       8
       6
       6
       7
       4
       7
       3
       6
       3
       8
       6
       6
       9
       5
       6
       7
       6
       1
       6
       4
       2
       6
       2
       7
       6
       4
       7
       6
       8
       5
       7
       8
       5
       5
       9
      10
       5
       7
      10
       7
       7
       1
       4
       6
       7
       4
       5
       8
       2
       4
       7
       3
       7
       9
       6
       6
      10
       7
       3
       5
      10
      12
       8
      10
       6
       8
       5
       4
       9
       5
       6
       8
       6
       5
       6
       9
       7
       6
       4
       6
       6
       7
       4
       4
       4
      11
       8
       7
       4
       9
      11
       5
       5
       3
       5
       9
       7
      10
       8
       7
       8
      15
