       3
       2
       2
       3
       3
       4
       2
       2
       2
       3
       3
       5
       6
       1
       2
       2
       4
       9
       8
       8
      10
       7
      13
       5
      22
     144
     362
     618
     987
    1177
    1206
    1160
    1172
    1322
    1338
    1505
    1573
    1641
    1724
    1971
    2292
    2783
    3074
    3418
    3812
    3910
    3846
    3855
    3789
    3721
    3617
    3638
    5539
   17738
   54479
  130372
  211632
  263728
  277966
  271710
  267336
  275152
  289556
  302300
  308670
  301384
  281368
  250603
  215395
  181491
  151979
  131638
  119020
  113011
  111412
  112831
  119757
  128116
  137405
  145820
  150855
  152419
  144636
  129846
  111964
   93697
   79850
   66728
   58976
   55122
   58249
   67328
   80467
   97379
  113904
  128589
  139013
  143479
  147541
  158683
  179911
  207990
  238061
  260803
  273135
  272527
  260337
  244733
  233343
  229682
  237695
  258239
  288216
  322655
  350426
  362053
  351082
  317176
  267126
  211541
  159331
  118122
   90332
   76732
   74331
   79348
   85063
   88868
   88042
   82542
   73581
   62068
   50563
   38867
   28562
   20022
   13788
    9846
    7766
    7032
    7868
    9804
   13667
   20402
   29580
   42878
   58903
   75104
   87805
   91544
   87130
   76257
   62991
   50462
   42534
   39151
   39982
   42405
   45803
   50369
   53856
   58345
   62959
   64531
   61736
   53131
   44393
   35827
   29991
   26237
   25073
   26433
   29868
   35444
   44250
   56548
   70153
   82458
   91525
   97089
   99101
  102271
  108108
  119798
  139283
  164310
  191475
  215711
  229519
  227483
  210117
  180455
  145261
  109282
   76903
   52070
   33847
   21590
   14504
   10962
   10094
   11071
   12881
   13807
   13502
   13013
   13658
   16474
   21945
   29786
   39464
   49899
   59578
   66650
   68142
   65548
   58953
   50501
   41328
   32213
   24257
   17907
   13202
    9742
    7854
    6546
    5913
    5566
    5392
    5418
    5303
    5280
    5273
    5336
    5315
    5356
    5346
    5428
    5255
    5197
    5232
    5241
    5289
    5022
    5079
    5015
    4878
    4841
    4843
    4775
    4745
    4624
    4721
    4532
    4481
    4440
    4495
    4398
    4242
    4343
    4302
    4290
    4337
    4234
    4215
    4135
    4158
    4262
    4267
    4178
    4200
    4195
    4261
    4106
    4275
    4214
    4248
    4267
    4414
    4160
    4211
    4289
    4347
    4343
    4351
    4433
    4480
    4441
    4298
    4280
    4332
    4347
    4580
    4416
    4467
    4458
    4581
    4543
    4432
    4671
    4654
    4778
    4741
    4708
    4671
    4864
    4898
    4865
    5043
    4940
    4930
    4992
    5032
    5160
    5169
    5136
    5267
    5374
    5424
    5507
    5489
    5445
    5541
    5656
    5728
    5865
    5983
    6087
    6129
    6282
    6346
    6396
    6656
    6683
    6919
    6964
    7175
    7456
    7365
    7634
    7959
    8114
    8435
    8436
    8748
    8953
    9222
    9696
    9887
   10076
   10495
   10947
   10992
   11236
   11718
   11939
   12101
   12498
   12887
   13259
   13256
   13970
   14024
   14386
   14738
   14782
   14878
   14995
   15224
   15514
   15598
   15722
   15483
   15740
   15654
   15815
   15812
   15525
   15310
   15488
   15124
   15079
   15019
   14805
   14493
   14405
   14246
   13886
   13779
   13526
   13390
   13131
   12931
   12584
   12530
   12027
   11923
   11778
   11471
   11679
   11184
   11064
   11063
   10931
   10694
   10676
   10641
   10448
   10527
   10298
   10521
   10275
   10368
   10253
   10041
    9975
   10257
   10179
   10231
   10229
   10198
   10168
    9872
   10080
    9978
    9952
    9858
    9602
    9892
    9705
    9857
    9788
    9711
    9567
    9655
    9374
    9399
    9158
    9159
    9111
    9006
    9002
    8834
    8869
    8717
    8538
    8404
    8424
    8465
    8406
    8293
    8185
    8040
    8010
    8145
    7813
    7851
    7743
    7714
    7500
    7565
    7485
    7479
    7377
    7466
    7335
    7463
    7268
    7282
    7158
    7273
    7015
    6989
    7087
    6946
    6996
    7005
    7075
    6945
    6988
    7033
    6860
    7029
    6828
    6889
    6771
    6798
    7041
    6656
    6791
    6778
    6721
    6787
    6806
    6555
    6816
    6794
    6768
    6748
    6722
    6632
    6666
    6752
    6946
    6674
    6720
    6977
    6752
    6740
    6839
    6770
    6863
    6693
    6727
    6716
    6693
    6888
    6929
    6856
    6849
    6885
    6906
    6970
    6720
    7073
    6845
    6945
    6772
    6871
    6830
    6834
    6936
    6969
    6884
    6861
    6918
    6987
    7053
    6940
    6987
    7039
    6919
    7049
    6943
    7030
    6890
    6921
    6967
    6868
    6987
    6982
    6960
    6881
    7100
    6936
    7040
    7008
    7088
    7043
    6845
    6843
    7026
    7157
    7008
    6975
    7037
    6939
    7140
    6980
    6973
    7033
    6859
    7058
    7031
    6906
    7159
    7030
    7012
    6977
    7072
    7203
    6995
    7002
    6936
    6964
    7094
    7120
    6904
    7022
    7077
    7036
    7034
    6956
    7014
    7144
    7047
    6881
    6937
    6966
    7100
    6979
    6937
    7125
    7135
    7029
    7060
    7182
    6822
    7040
    7073
    7042
    7168
    7114
    7109
    7099
    7000
    7021
    7053
    6958
    7011
    7042
    7063
    7113
    7077
    7181
    6946
    6928
    7006
    6957
    7072
    7038
    7025
    7112
    7117
    6947
    7120
    6911
    7122
    6962
    6947
    7062
    6999
    6839
    6841
    6785
    7069
    6845
    6958
    6916
    6841
    6803
    6937
    7000
    6898
    6882
    6869
    6801
    6729
    6896
    7000
    6957
    6955
    6751
    6847
    6749
    6882
    6871
    6868
    6904
    6929
    6824
    6896
    6806
    6673
    6897
    6705
    6773
    6837
    6820
    6827
    6788
    6939
    6836
    6986
    6731
    6949
    6890
    6507
    6664
    6863
    6752
    6760
    6856
    6796
    6770
    6699
    6624
    6926
    6740
    6694
    6748
    6570
    6798
    6794
    6820
    6788
    6741
    6403
    6749
    6530
    6639
    6751
    6567
    6477
    6519
    6654
    6687
    6738
    6688
    6519
    6632
    6654
    6503
    6543
    6668
    6638
    6486
    6474
    6588
    6540
    6669
    6570
    6430
    6514
    6553
    6508
    6537
    6557
    6488
    6330
    6359
    6464
    6470
    6412
    6586
    6459
    6354
    6340
    6278
    6361
    6225
    6299
    6426
    6414
    6311
    6371
    6313
    6401
    6335
    6291
    6274
    6288
    6245
    6224
    6245
    6228
    6156
    6297
    6200
    6049
    6116
    6295
    6181
    5993
    6343
    6199
    6091
    6066
    6187
    6053
    6127
    6242
    6023
    6130
    6082
    5994
    6173
    6087
    6092
    6097
    6084
    6033
    6095
    5973
    6042
    6016
    6099
    6065
    5948
    6016
    5932
    6026
    5986
    5890
    5965
    5943
    5854
    6040
    6044
    6028
    5946
    6047
    5868
    6019
    5995
    6054
    6056
    5999
    5883
    5848
    6028
    5886
    5968
    5870
    5938
    6016
    6051
    5993
    6007
    5991
    6016
    5873
    5963
    5828
    5983
    5886
    6065
    5960
    5969
    6028
    5812
    5998
    5874
    5968
    5909
    5934
    6073
    5908
    5851
    5823
    5992
    5929
    5911
    6127
    5835
    5978
    5979
    5952
    6018
    6003
    6101
    5842
    5931
    6025
    5968
    5870
    5962
    5928
    5930
    5950
    5943
    5873
    5843
    5870
    5754
    5825
    5921
    5833
    5778
    5682
    5723
    5824
    5771
    5757
    5696
    5778
    5855
    5915
    5817
    5815
    5778
    5753
    5676
    5598
    5711
    5632
    5674
    5616
    5601
    5602
    5592
    5564
    5543
    5511
    5664
    5426
    5589
    5457
    5441
    5496
    5471
    5326
    5515
    5477
    5489
    5527
    5421
    5404
    5398
    5441
    5568
    5485
    5333
    5361
    5402
    5392
    5484
    5161
    5261
    5364
    5444
    5396
    5373
    5350
    5237
    5386
    5271
    5386
    5165
    5219
    5201
    5275
    5240
    5049
    5335
    5185
    5077
    5254
    5196
    5312
    5285
    5219
    5200
    5197
    5214
    5184
    5122
    5259
    5224
    5082
    5186
    5067
    5246
    5107
    5133
    5210
    5097
    5036
    4982
    5059
    5152
    4988
    5187
    4868
    5077
    4999
    4968
    5099
    5125
    5226
    5065
    5056
    4971
    5086
    5078
    5071
    5049
    4994
    4994
    4960
    4959
    5095
    5060
    5005
    5069
    4983
    4814
    4834
    5015
    4824
    4938
    5036
    4972
    4853
    4987
    5046
    4970
    4996
    5017
    4943
    4937
    4942
    4937
    4906
    5045
    4910
    4938
    4850
    4976
    4929
    4894
    4962
    4869
    5079
    5002
    5097
    5015
    4858
    4935
    5071
    4928
    4774
    5072
    4900
    4923
    4999
    5036
    4896
    4991
    5085
    5022
    5099
    4993
    5086
    5151
    5000
    5024
    4975
    5020
    5016
    5099
    5150
    5168
    5097
    5186
    5079
    5163
    4915
    5093
    5129
    5134
    5316
    5234
    5144
    5185
    5129
    5153
    5295
    5233
    5093
    5464
    5211
    5271
    5219
    5279
    5247
    5250
    5273
    5340
    5224
    5394
    5248
    5316
    5338
    5337
    5160
    5390
    5284
    5318
    5324
    5331
    5335
    5384
    5369
    5319
    5247
    5229
    5288
    5223
    5187
    5153
    5239
    5316
    5279
    5251
    5139
    5267
    5268
    5082
    5234
    5195
    5033
    5143
    5130
    5126
    5209
    5237
    5079
    5063
    5047
    5147
    4995
    5180
    5006
    4915
    5096
    4927
    4962
    4924
    4905
    4914
    4820
    4818
    4888
    4805
    4764
    4780
    4687
    4765
    4668
    4766
    4750
    4652
    4733
    4766
    4623
    4576
    4543
    4490
    4443
    4452
    4587
    4534
    4513
    4508
    4317
    4481
    4443
    4422
    4367
    4435
    4411
    4376
    4386
    4388
    4272
    4263
    4268
    4310
    4142
    4261
    4235
    4138
    4306
    4209
    4226
    4151
    4049
    4158
    3970
    4083
    4107
    4146
    4047
    4083
    4118
    3983
    3972
    4052
    4057
    4056
    3895
    4022
    3870
    3949
    4039
    3906
    3991
    3924
    3863
    3852
    3989
    3917
    3889
    3890
    3809
    3854
    3862
    3876
    3787
    3851
    3802
    3876
    3895
    3853
    3898
    3800
    3762
    3777
    3882
    3864
    3845
    3902
    3821
    3747
    3767
    3794
    3785
    3737
    3759
    3748
    3722
    3697
    3860
    3686
    3756
    3854
    3769
    3809
    3598
    3684
    3762
    3704
    3783
    3731
    3851
    3652
    3683
    3729
    3673
    3628
    3758
    3710
    3731
    3698
    3767
    3866
    3661
    3750
    3646
    3721
    3780
    3757
    3671
    3809
    3734
    3772
    3651
    3781
    3786
    3569
    3704
    3755
    3678
    3797
    3651
    3760
    3742
    3848
    3683
    3729
    3740
    3694
    3703
    3680
    3700
    3746
    3732
    3780
    3825
    3770
    3801
    3746
    3655
    3768
    3698
    3740
    3858
    3767
    3779
    3653
    3755
    3963
    3835
    3813
    3782
    3751
    3646
    3941
    3847
    3810
    3811
    3810
    3965
    3842
    3828
    3741
    3743
    3849
    3865
    3862
    3800
    3831
    3718
    3869
    3696
    3790
    3754
    3782
    3842
    3782
    3825
    3799
    3781
    3700
    3834
    3810
    3801
    3749
    3718
    3673
    3803
    3763
    3836
    3836
    3728
    3668
    3763
    3845
    3644
    3752
    3735
    3714
    3720
    3785
    3641
    3680
    3606
    3626
    3647
    3696
    3601
    3604
    3554
    3687
    3590
    3541
    3616
    3517
    3528
    3615
    3569
    3594
    3449
    3440
    3501
    3537
    3535
    3590
    3507
    3459
    3514
    3411
    3407
    3464
    3351
    3397
    3410
    3356
    3323
    3428
    3416
    3255
    3288
    3282
    3296
    3313
    3322
    3331
    3397
    3198
    3337
    3181
    3226
    3180
    3256
    3237
    3232
    3146
    3256
    3265
    3126
    3071
    3160
    3051
    3082
    3138
    2985
    3108
    3143
    3003
    3042
    3078
    2896
    3040
    3081
    3063
    2954
    2981
    3123
    3001
    2997
    3023
    3086
    2938
    3000
    2924
    2831
    2844
    2912
    2958
    2927
    2944
    2957
    3018
    2944
    2968
    2870
    2879
    2935
    2919
    2863
    2873
    2898
    2937
    2923
    2884
    2887
    2819
    2861
    2928
    2850
    2944
    2943
    2905
    2781
    2830
    2807
    2981
    2875
    2955
    2869
    2853
    2824
    2852
    2944
    2930
    2898
    2840
    2878
    2829
    2959
    2785
    2858
    2890
    2883
    2874
    2955
    2880
    2974
    2908
    2855
    2959
    2887
    2890
    2871
    3001
    2919
    2977
    2924
    2958
    2942
    3027
    2990
    3030
    3004
    2913
    3011
    2978
    2996
    3007
    3001
    2975
    3010
    3034
    3049
    3113
    3039
    3068
    3100
    3135
    3040
    3122
    3110
    3047
    3167
    3168
    3048
    3148
    3111
    3086
    3159
    3092
    3262
    3143
    3188
    3228
    3286
    3249
    3191
    3216
    3213
    3260
    3223
    3276
    3290
    3230
    3281
    3188
    3265
    3266
    3217
    3292
    3331
    3276
    3164
    3305
    3307
    3206
    3296
    3299
    3221
    3337
    3321
    3196
    3262
    3279
    3295
    3373
    3361
    3255
    3231
    3303
    3332
    3395
    3286
    3340
    3374
    3370
    3244
    3280
    3159
    3374
    3468
    3288
    3236
    3277
    3401
    3242
    3163
    3142
    3295
    3283
    3237
    3278
    3201
    3196
    3388
    3243
    3205
    3166
    3233
    3127
    3267
    3266
    3254
    3212
    3238
    3190
    3098
    3226
    3069
    3106
    3085
    3255
    3041
    3066
    3117
    3094
    3121
    3093
    3107
    3163
    3067
    3012
    3031
    3123
    3024
    2959
    3033
    2900
    2956
    2899
    2870
    2890
    2903
    2854
    2831
    2849
    2848
    2861
    2842
    2825
    2841
    2753
    2752
    2681
    2792
    2728
    2595
    2659
    2647
    2755
    2642
    2601
    2632
    2511
    2594
    2530
    2567
    2551
    2513
    2575
    2470
    2571
    2502
    2587
    2440
    2369
    2434
    2418
    2386
    2465
    2393
    2380
    2360
    2320
    2268
    2313
    2218
    2423
    2339
    2332
    2270
    2247
    2211
    2237
    2158
    2279
    2275
    2213
    2172
    2112
    2182
    2129
    2159
    2162
    2232
    2156
    2193
    2091
    2122
    2123
    2121
    2050
    2114
    2061
    2008
    2026
    2005
    2072
    2025
    2030
    1959
    2099
    2011
    2032
    2017
    2033
    1972
    2017
    2011
    1938
    2010
    1943
    2015
    2001
    2102
    2011
    1961
    1908
    1956
    1915
    1958
    1944
    1947
    1985
    1974
    1943
    1919
    2000
    2003
    2003
    1964
    1956
    1932
    1894
    1857
    1906
    1874
    1949
    1916
    1968
    1878
    1921
    1904
    1854
    1896
    1806
    1918
    1878
    1888
    1844
    1902
    1815
    1844
    1836
    1923
    1828
    1916
    1922
    1894
    1884
    1882
    1902
    1815
    1943
    1922
    1966
    1860
    1796
    1770
    1895
    1891
    1810
    1868
    1798
    1897
    1825
    1719
    1832
    1824
    1819
    1802
    1837
    1819
    1739
    1868
    1778
    1804
    1782
    1772
    1748
    1882
    1718
    1836
    1746
    1810
    1777
    1732
    1791
    1851
    1808
    1806
    1810
    1867
    1804
    1731
    1746
    1802
    1911
    1779
    1770
    1747
    1735
    1721
    1803
    1778
    1774
    1789
    1803
    1729
    1750
    1708
    1726
    1698
    1745
    1754
    1825
    1742
    1749
    1682
    1758
    1730
    1668
    1728
    1787
    1802
    1723
    1731
    1719
    1736
    1755
    1790
    1702
    1759
    1720
    1772
    1788
    1611
    1752
    1716
    1668
    1668
    1697
    1682
    1728
    1687
    1707
    1674
    1683
    1785
    1710
    1631
    1701
    1687
    1701
    1691
    1713
    1698
    1641
    1711
    1735
    1640
    1714
    1654
    1663
    1669
    1734
    1700
    1730
    1745
    1658
    1702
    1673
    1655
    1668
    1669
    1693
    1702
    1659
    1656
    1654
    1668
    1652
    1649
    1658
    1626
    1595
    1616
    1632
    1745
    1663
    1656
    1636
    1674
    1720
    1624
    1624
    1648
    1714
    1613
    1638
    1581
    1673
    1690
    1631
    1625
    1627
    1581
    1712
    1638
    1608
    1607
    1620
    1638
    1630
    1644
    1596
    1626
    1615
    1616
    1621
    1556
    1600
    1551
    1630
    1595
    1655
    1633
    1626
    1595
    1589
    1627
    1569
    1616
    1526
    1612
    1609
    1595
    1545
    1602
    1627
    1639
    1591
    1557
    1584
    1576
    1611
    1550
    1551
    1605
    1604
    1618
    1694
    1564
    1576
    1566
    1604
    1488
    1606
    1503
    1607
    1583
    1556
    1545
    1585
    1632
    1525
    1622
    1552
    1635
    1525
    1494
    1543
    1581
    1638
    1574
    1549
    1611
    1541
    1539
    1508
    1627
    1534
    1525
    1575
    1531
    1478
    1570
    1524
    1460
    1552
    1461
    1472
    1520
    1521
    1542
    1475
    1573
    1519
    1549
    1532
    1501
    1470
    1518
    1513
    1526
    1493
    1435
    1509
    1449
    1519
    1450
    1579
    1502
    1518
    1485
    1506
    1558
    1501
    1530
    1475
    1546
    1498
    1540
    1486
    1506
    1501
    1571
    1513
    1396
    1484
    1517
    1530
    1498
    1446
    1565
    1462
    1508
    1445
    1483
    1491
    1466
    1452
    1495
    1492
    1566
    1487
    1504
    1487
    1493
    1472
    1483
    1503
    1543
    1547
    1449
    1423
    1499
    1539
    1395
    1449
    1519
    1431
    1456
    1408
    1460
    1519
    1441
    1508
    1450
    1472
    1452
    1464
    1490
    1626
    1513
    1480
    1532
    1469
    1451
    1508
    1443
    1442
    1488
    1501
    1496
    1454
    1520
    1558
    1447
    1508
    1508
    1472
    1451
    1488
    1456
    1498
    1468
    1477
    1470
    1483
    1399
    1422
    1446
    1487
    1507
    1427
    1498
    1400
    1549
    1459
    1439
    1481
    1503
    1457
    1510
    1423
    1429
    1455
    1456
    1448
    1497
    1435
    1424
    1457
    1473
    1478
    1488
    1483
    1529
    1545
    1405
    1454
    1502
    1499
    1453
    1474
    1444
    1453
    1471
    1473
    1527
    1496
    1482
    1431
    1486
    1533
    1526
    1497
    1456
    1520
    1526
    1517
    1469
    1486
    1479
    1430
    1500
    1524
    1569
    1491
    1486
    1484
    1517
    1514
    1561
    1556
    1572
    1572
    1524
    1557
    1498
    1528
    1589
    1474
    1556
    1519
    1560
    1542
    1571
    1528
    1562
    1565
    1530
    1583
    1588
    1523
    1620
    1581
    1521
    1557
    1541
    1547
    1543
    1607
    1573
    1580
    1517
    1545
    1573
    1596
    1568
    1622
    1551
    1529
    1536
    1621
    1567
    1546
    1516
    1611
    1565
    1557
    1585
    1584
    1615
    1602
    1505
    1609
    1624
    1538
    1553
    1560
    1577
    1653
    1637
    1647
    1664
    1652
    1596
    1603
    1564
    1658
    1678
    1620
    1645
    1592
    1616
    1637
    1564
    1640
    1623
    1556
    1612
    1619
    1551
    1561
    1635
    1591
    1644
    1592
    1690
    1642
    1587
    1596
    1560
    1587
    1589
    1581
    1658
    1596
    1637
    1600
    1525
    1647
    1563
    1643
    1611
    1552
    1591
    1578
    1582
    1600
    1588
    1575
    1585
    1563
    1570
    1558
    1641
    1518
    1528
    1622
    1592
    1495
    1523
    1578
    1538
    1529
    1567
    1573
    1538
    1527
    1541
    1524
    1513
    1531
    1471
    1548
    1487
    1498
    1451
    1502
    1482
    1519
    1493
    1509
    1593
    1512
    1517
    1466
    1516
    1543
    1462
    1397
    1472
    1490
    1417
    1406
    1412
    1511
    1417
    1401
    1393
    1351
    1450
    1409
    1417
    1364
    1397
    1371
    1384
    1394
    1390
    1369
    1417
    1353
    1370
    1366
    1364
    1345
    1380
    1363
    1319
    1412
    1344
    1354
    1295
    1345
    1377
    1302
    1305
    1299
    1277
    1303
    1294
    1244
    1297
    1250
    1265
    1256
    1295
    1293
    1313
    1307
    1302
    1333
    1337
    1323
    1275
    1307
    1236
    1264
    1250
    1241
    1239
    1230
    1232
    1312
    1272
    1248
    1252
    1224
    1252
    1223
    1255
    1240
    1253
    1222
    1226
    1237
    1143
    1235
    1230
    1187
    1238
    1266
    1304
    1166
    1252
    1164
    1193
    1227
    1166
    1230
    1268
    1243
    1167
    1229
    1216
    1174
    1204
    1195
    1228
    1151
    1188
    1161
    1232
    1120
    1173
    1146
    1189
    1166
    1134
    1150
    1178
    1192
    1202
    1221
    1219
    1259
    1217
    1160
    1173
    1146
    1192
    1167
    1156
    1173
    1203
    1175
    1157
    1166
    1264
    1182
    1184
    1174
    1234
    1196
    1179
    1190
    1184
    1185
    1163
    1227
    1166
    1253
    1231
    1289
    1199
    1268
    1144
    1172
    1229
    1183
    1265
    1213
    1192
    1253
    1180
    1263
    1249
    1214
    1288
    1264
    1241
    1182
    1264
    1229
    1215
    1218
    1238
    1177
    1260
    1288
    1248
    1251
    1246
    1187
    1335
    1224
    1187
    1263
    1233
    1279
    1262
    1250
    1258
    1251
    1306
    1290
    1274
    1295
    1224
    1316
    1305
    1267
    1224
    1249
    1262
    1227
    1278
    1331
    1268
    1328
    1294
    1273
    1307
    1278
    1309
    1297
    1335
    1280
    1304
    1347
    1290
    1311
    1382
    1288
    1396
    1324
    1344
    1376
    1351
    1370
    1357
    1377
    1408
    1408
    1407
    1326
    1401
    1382
    1382
    1452
    1409
    1291
    1382
    1348
    1333
    1452
    1370
    1392
    1340
    1418
    1393
    1315
    1493
    1423
    1390
    1361
    1383
    1402
    1467
    1458
    1420
    1420
    1442
    1441
    1441
    1411
    1472
    1440
    1490
    1439
    1504
    1519
    1482
    1489
    1500
    1384
    1460
    1555
    1532
    1508
    1478
    1567
    1495
    1549
    1569
    1504
    1456
    1460
    1518
    1542
    1533
    1540
    1510
    1575
    1542
    1516
    1580
    1537
    1586
    1528
    1525
    1575
    1565
    1545
    1570
    1503
    1557
    1534
    1547
    1516
    1607
    1636
    1620
    1570
    1580
    1576
    1598
    1657
    1593
    1562
    1567
    1602
    1671
    1617
    1717
    1555
    1622
    1525
    1645
    1597
    1670
    1659
    1540
    1656
    1578
    1626
    1547
    1596
    1644
    1634
    1641
    1653
    1601
    1569
    1631
    1668
    1684
    1624
    1685
    1623
    1701
    1696
    1626
    1610
    1594
    1667
    1674
    1719
    1612
    1661
    1673
    1647
    1661
    1750
    1626
    1632
    1689
    1697
    1662
    1725
    1640
    1649
    1603
    1679
    1584
    1627
    1595
    1693
    1629
    1630
    1653
    1611
    1709
    1614
    1659
    1620
    1671
    1641
    1553
    1577
    1553
    1561
    1614
    1565
    1606
    1596
    1580
    1559
    1533
    1559
    1578
    1553
    1589
    1601
    1579
    1515
    1624
    1528
    1576
    1520
    1583
    1518
    1483
    1532
    1521
    1528
    1536
    1514
    1522
    1485
    1428
    1487
    1481
    1466
    1471
    1484
    1447
    1471
    1544
    1475
    1470
    1434
    1422
    1435
    1442
    1409
    1424
    1328
    1385
    1393
    1387
    1437
    1426
    1329
    1394
    1425
    1436
    1385
    1385
    1374
    1398
    1330
    1368
    1325
    1358
    1370
    1292
    1382
    1337
    1330
    1348
    1305
    1305
    1295
    1312
    1280
    1257
    1224
    1285
    1258
    1303
    1295
    1245
    1242
    1231
    1172
    1233
    1267
    1234
    1263
    1304
    1229
    1254
    1239
    1226
    1241
    1200
    1233
    1213
    1162
    1200
    1120
    1106
    1153
    1159
    1202
    1144
    1152
    1199
    1200
    1165
    1129
    1225
    1152
    1163
    1149
    1122
    1097
    1131
    1130
    1130
    1122
    1169
    1092
    1152
    1127
    1123
    1100
    1079
    1070
    1082
    1147
    1123
    1162
    1142
    1135
    1146
    1097
    1083
    1055
    1085
    1085
    1125
    1064
    1138
    1041
    1095
    1051
    1075
    1112
    1046
    1052
    1100
    1070
    1150
    1071
    1132
    1112
    1107
    1077
    1063
    1083
    1115
    1074
    1069
    1051
    1045
    1170
    1086
    1084
    1053
    1080
    1115
    1061
    1071
    1091
    1112
    1050
    1067
    1036
    1056
    1080
    1087
    1042
    1059
    1038
    1062
    1108
    1067
    1039
    1077
    1059
    1099
    1027
    1073
    1088
    1074
    1075
    1065
    1044
    1023
    1013
    1037
    1057
    1016
    1092
    1084
    1054
    1101
    1080
    1104
    1096
    1053
    1099
    1061
    1071
    1046
    1013
     987
    1041
    1003
    1049
    1095
    1075
    1046
    1015
    1015
    1077
    1052
    1011
    1038
    1092
    1059
    1017
    1005
    1070
     939
    1023
    1063
    1018
    1023
    1016
    1007
    1042
    1019
    1040
    1001
    1095
    1066
    1004
    1020
    1025
     981
    1049
    1052
     974
    1014
     973
    1034
    1030
     981
    1027
    1026
     983
     985
    1005
     976
     962
     959
     981
    1037
    1029
     952
     955
     978
     976
     980
     991
     945
     991
     971
     947
     955
     981
     929
     962
     938
     974
     990
     938
     943
     924
     962
     938
     953
     915
     946
     929
     936
     884
     950
     954
     947
     916
     875
     958
     941
     986
     898
     885
     962
     883
    1012
     859
     886
     921
     928
     909
     891
     875
     949
     907
     851
     925
     876
     895
     839
     854
     893
     852
     914
     845
     867
     830
     812
     866
     860
     894
     844
     866
     868
     893
     865
     853
     849
     888
     888
     904
     850
     901
     857
     852
     851
     889
     840
     859
     890
     813
     858
     846
     867
     868
     887
     808
     837
     845
     833
     880
     873
     925
     852
     783
     860
     850
     858
     818
     880
     827
     823
     826
     824
     829
     847
     791
     842
     857
     826
     861
     850
     825
     832
     871
     832
     889
     854
     852
     836
     847
     835
     856
     880
     824
     829
     840
     856
     807
     802
     839
     828
     843
     804
     799
     847
     833
     805
     808
     868
     809
     797
     826
     826
     738
     877
     774
     808
     787
     786
     888
     851
     779
     832
     844
     853
     860
     822
     877
     850
     796
     820
     819
     820
     861
     816
     801
     844
     807
     845
     761
     819
     821
     798
     830
     836
     837
     839
     780
     783
     825
     800
     817
     839
     818
     811
     818
     874
     764
     743
     740
     865
     821
     755
     840
     836
     857
     783
     859
     802
     804
     801
     814
     774
     842
     814
     828
     801
     840
     887
     829
     846
     777
     842
     768
     822
     808
     808
     822
     819
     749
     821
     799
     797
     820
     812
     808
     799
     848
     760
     807
     767
     844
     802
     824
     795
     764
     820
     806
     786
     801
     803
     858
     808
     822
     826
     771
     774
     834
     817
     825
     784
     813
     806
     817
     806
     804
     889
     789
     866
     801
     779
     808
     823
     818
     825
     835
     795
     784
     842
     804
     815
     776
     792
     860
     796
     833
     809
     774
     752
     748
     821
     872
     760
     762
     849
     787
     829
     829
     799
     766
     799
     805
     819
     794
     788
     792
     837
     815
     842
     803
     845
     803
     839
     849
     816
     779
     805
     852
     781
     855
     836
     778
     799
     819
     809
     805
     800
     779
     813
     796
     824
     811
     834
     845
     751
     820
     839
     836
     798
     801
     765
     801
     851
     801
     849
     846
     814
     774
     758
     812
     784
     787
     842
     778
     787
     772
     790
     823
     788
     799
     786
     794
     803
     749
     794
     775
     758
     791
     756
     741
     779
     794
     802
     779
     827
     805
     797
     782
     806
     813
     782
     809
     840
     790
     767
     772
     759
     835
     765
     759
     817
     767
     773
     790
     748
     777
     817
     817
     796
     762
     810
     752
     809
     792
     786
     762
     764
     760
     763
     739
     789
     787
     746
     751
     768
     810
     743
     798
     797
     829
     754
     801
     826
     791
     819
     791
     772
     785
     770
     821
     752
     783
     799
     779
     814
     748
     791
     775
     803
     786
     719
     773
     739
     760
     717
     807
     742
     734
     735
     751
     709
     781
     721
     802
     757
     750
     793
     683
     763
     720
     725
     805
     782
     754
     783
     768
     760
     734
     779
     743
     741
     729
     742
     751
     752
     754
     734
     810
     780
     753
     695
     794
     776
     782
     746
     731
     749
     724
     761
     773
     720
     726
     750
     772
     747
     720
     671
     750
     710
     778
     738
     694
     714
     772
     726
     712
     692
     719
     698
     726
     745
     708
     718
     732
     723
     711
     751
     723
     676
     723
     731
     754
     718
     693
     694
     740
     738
     715
     727
     701
     722
     672
     676
     697
     729
     745
     695
     727
     721
     710
     749
     742
     705
     684
     703
     686
     656
     716
     709
     712
     686
     703
     684
     641
     693
     691
     698
     717
     697
     718
     712
     679
     669
     717
     670
     713
     713
     702
     737
     690
     729
     725
     678
     681
     692
     673
     710
     708
     708
     703
     686
     699
     696
     655
     674
     656
     669
     663
     691
     655
     686
     667
     641
     676
     687
     699
     666
     695
     666
     640
     701
     686
     650
     691
     650
     709
     668
     685
     670
     677
     739
     677
     646
     671
     684
     676
     666
     721
     674
     727
     653
     720
     645
     663
     656
     637
     675
     672
     697
     691
     680
     639
     695
     701
     723
     715
     705
     646
     674
     716
     661
     700
     667
     717
     657
     671
     723
     706
     734
     690
     683
     710
     694
     674
     676
     699
     705
     678
     677
     736
     626
     691
     675
     683
     714
     669
     690
     676
     692
     716
     678
     712
     704
     643
     725
     697
     672
     662
     691
     710
     687
     725
     659
     735
     693
     667
     651
     631
     623
     704
     681
     680
     711
     689
     694
     680
     692
     635
     690
     692
     632
     757
     664
     724
     676
     700
     624
     711
     684
     708
     709
     706
     666
     641
     648
     647
     674
     635
     674
     696
     681
     674
     695
     669
     700
     684
     666
     698
     720
     677
     699
     647
     659
     684
     682
     688
     683
     717
     661
     711
     627
     683
     748
     657
     686
     644
     673
     693
     737
     633
     702
     660
     700
     721
     683
     707
     663
     670
     691
     630
     689
     722
     708
     656
     656
     644
     704
     665
     708
     746
     692
     660
     703
     690
     689
     648
     657
     747
     658
     701
     704
     695
     638
     661
     647
     678
     720
     652
     720
     736
     693
     682
     697
     681
     639
     684
     689
     647
     700
     671
     687
     671
     706
     700
     634
     699
     691
     682
     699
     662
     734
     666
     660
     690
     670
     677
     728
     676
     718
     670
     650
     698
     654
     674
     722
     640
     658
     673
     685
     626
     671
     709
     658
     688
     720
     709
     641
     670
     673
     693
     721
     665
     660
     669
     725
     661
     640
     621
     738
     653
     678
     676
     652
     634
     685
     666
     654
     698
     697
     673
     641
     737
     747
     674
     663
     662
     694
     696
     714
     727
     709
     708
     633
     673
     701
     704
     672
     653
     685
     676
     707
     668
     665
     727
     678
     681
     725
     687
     642
     722
     686
     639
     662
     661
     700
     711
     685
     690
     745
     650
     706
     701
     694
     711
     676
     663
     711
     703
     688
     644
     724
     709
     692
     665
     743
     704
     721
     694
     713
     657
     678
     709
     736
     657
     728
     678
     706
     690
     648
     712
     721
     687
     722
     749
     746
     702
     710
     734
     671
     699
     703
     759
     654
     721
     742
     727
     693
     690
     710
     679
     743
     754
     684
     646
     725
     666
     719
     675
     700
     714
     732
     696
     710
     687
     706
     680
     737
     713
     673
     673
     707
     734
     710
     701
     738
     720
     709
     764
     673
     682
     720
     741
     753
     724
     722
     716
     715
     763
     689
     732
     748
     765
     703
     744
     698
     730
     715
     740
     685
     745
     731
     745
     703
     663
     660
     707
     753
     729
     733
     749
     713
     693
     740
     766
     670
     764
     762
     729
     641
     761
     720
     757
     754
     697
     636
     769
     732
     726
     743
     752
     747
     746
     668
     727
     702
     740
     724
     753
     703
     720
     737
     786
     713
     718
     771
     708
     724
     732
     785
     750
     707
     706
     772
     717
     706
     738
     736
     767
     692
     717
     726
     716
     763
     648
     746
     754
     713
     751
     683
     725
     704
     678
     720
     680
     710
     717
     734
     711
     737
     755
     746
     732
     732
     684
     710
     769
     760
     761
     742
     725
     727
     716
     712
     740
     692
     721
     756
     720
     682
     706
     713
     761
     708
     723
     786
     713
     682
     687
     691
     735
     727
     705
     728
     719
     774
     702
     718
     736
     736
     749
     685
     684
     733
     714
     714
     740
     633
     700
     731
     655
     687
     676
     665
     717
     750
     699
     749
     729
     740
     716
     721
     748
     741
     706
     735
     755
     758
     665
     699
     681
     727
     712
     687
     745
     765
     696
     715
     714
     789
     687
     750
     732
     693
     727
     708
     694
     739
     690
     655
     687
     698
     706
     716
     715
     707
     720
     746
     719
     770
     695
     729
     695
     733
     716
     690
     733
     742
     718
     705
     720
     758
     678
     754
     684
     705
     731
     745
     706
     710
     719
     722
     717
     690
     733
     697
     691
     701
     676
     694
     689
     703
     720
     639
     687
     713
     754
     761
     714
     710
     728
     730
     706
     726
     682
     744
     650
     723
     716
     709
     674
     691
     667
     719
     695
     663
     707
     683
     708
     722
     731
     710
     712
     711
     703
     725
     717
     682
     716
     729
     734
     699
     692
     695
     667
     690
     767
     719
     722
     720
     727
     718
     704
     664
     714
     668
     700
     693
     689
     695
     646
     705
     683
     646
     690
     643
     754
     749
     720
     685
     650
     675
     679
     722
     659
     696
     688
     711
     664
     697
     663
     656
     679
     696
     615
     668
     682
     718
     687
     701
     694
     692
     671
     652
     678
     695
     674
     654
     750
     668
     711
     657
     639
     686
     677
     672
     678
     633
     670
     700
     675
     732
     693
     672
     648
     649
     707
     694
     615
     681
     649
     658
     661
     684
     644
     682
     707
     673
     661
     647
     637
     686
     669
     699
     647
     686
     602
     634
     660
     694
     611
     656
     660
     657
     661
     683
     636
     648
     642
     677
     618
     677
     656
     647
     653
     621
     617
     648
     619
     613
     635
     667
     631
     685
     670
     610
     635
     602
     656
     591
     597
     647
     671
     661
     640
     578
     660
     605
     605
     616
     666
     636
     618
     611
     576
     625
     633
     635
     597
     592
     621
     597
     610
     662
     595
     648
     599
     609
     681
     588
     644
     616
     628
     630
     613
     636
     611
     566
     585
     591
     647
     592
     606
     581
     632
     610
     625
     608
     628
     581
     591
     649
     594
     629
     626
     590
     621
     623
     543
     602
     585
     578
     580
     648
     608
     564
     588
     542
     634
     633
     573
     610
     603
     584
     583
     621
     568
     596
     620
     623
     591
     582
     572
     594
     624
     589
     585
     550
     571
     579
     585
     591
     594
     601
     597
     586
     568
     636
     626
     561
     570
     602
     599
     636
     592
     580
     608
     593
     576
     616
     634
     600
     582
     588
     609
     581
     571
     572
     542
     606
     572
     564
     566
     558
     565
     590
     590
     551
     595
     585
     557
     579
     560
     564
     564
     577
     602
     610
     588
     577
     625
     594
     555
     611
     578
     577
     622
     557
     587
     565
     612
     589
     542
     631
     676
     585
     559
     594
     551
     602
     597
     572
     586
     583
     519
     550
     584
     598
     583
     557
     568
     574
     599
     570
     569
     573
     610
     588
     582
     606
     563
     632
     548
     587
     638
     565
     619
     614
     568
     598
     570
     588
     600
     548
     580
     607
     602
     620
     574
     548
     559
     583
     595
     622
     632
     583
     599
     585
     580
     557
     557
     645
     560
     593
     634
     576
     639
     589
     546
     584
     540
     600
     559
     583
     605
     580
     621
     620
     561
     566
     596
     593
     657
     560
     574
     570
     585
     603
     570
     588
     567
     562
     596
     600
     575
     618
     622
     590
     620
     558
     602
     605
     598
     597
     603
     599
     570
     588
     588
     556
     608
     601
     600
     588
     520
     577
     590
     594
     554
     600
     596
     593
     578
     608
     586
     569
     575
     626
     608
     617
     584
     595
     595
     616
     617
     636
     624
     577
     575
     607
     587
     578
     586
     587
     565
     649
     585
     566
     583
     642
     595
     596
     591
     642
     629
     599
     637
     620
     591
     620
     567
     565
     621
     595
     607
     649
     605
     629
     634
     594
     624
     594
     609
     612
     589
     619
     653
     616
     645
     650
     610
     643
     584
     622
     647
     635
     626
     598
     601
     628
     647
     592
     643
     627
     630
     628
     632
     666
     615
     627
     601
     625
     620
     613
     596
     614
     625
     656
     635
     630
     688
     628
     619
     617
     604
     613
     643
     656
     633
     627
     651
     614
     657
     656
     600
     634
     627
     615
     616
     625
     648
     639
     621
     615
     603
     649
     630
     639
     610
     662
     664
     646
     660
     603
     653
     629
     613
     631
     637
     670
     627
     643
     685
     602
     617
     707
     602
     676
     655
     657
     694
     660
     662
     659
     663
     681
     665
     642
     670
     671
     641
     613
     682
     635
     671
     622
     636
     644
     688
     650
     700
     672
     695
     695
     668
     652
     679
     736
     636
     630
     686
     674
     659
     690
     647
     712
     678
     695
     690
     669
     677
     702
     681
     676
     665
     708
     732
     692
     699
     706
     737
     688
     681
     677
     673
     711
     687
     686
     670
     701
     707
     649
     648
     732
     676
     662
     720
     695
     743
     691
     745
     728
     683
     688
     700
     672
     685
     774
     685
     672
     661
     687
     680
     749
     725
     717
     689
     688
     717
     694
     648
     672
     641
     690
     698
     693
     711
     657
     739
     694
     636
     664
     725
     711
     696
     745
     720
     656
     670
     719
     669
     678
     743
     733
     739
     679
     722
     676
     725
     731
     702
     685
     665
     718
     721
     758
     683
     668
     677
     711
     706
     729
     662
     693
     670
     717
     706
     635
     682
     723
     652
     676
     653
     716
     744
     687
     698
     653
     745
     698
     686
     710
     671
     661
     649
     671
     687
     667
     695
     680
     681
     673
     713
     716
     701
     722
     690
     700
     690
     681
     664
     672
     687
     671
     723
     681
     701
     652
     673
     673
     684
     716
     705
     677
     657
     673
     688
     674
     727
     662
     667
     668
     682
     661
     656
     673
     720
     632
     675
     702
     684
     646
     647
     672
     701
     703
     680
     644
     643
     652
     694
     645
     662
     638
     632
     649
     658
     698
     667
     645
     685
     652
     646
     667
     655
     655
     661
     654
     669
     616
     666
     671
     642
     637
     649
     636
     647
     611
     632
     635
     632
     669
     679
     680
     644
     644
     607
     632
     649
     618
     650
     601
     640
     607
     572
     648
     653
     589
     622
     610
     628
     636
     646
     637
     594
     621
     629
     590
     624
     605
     579
     610
     674
     618
     561
     661
     594
     629
     628
     632
     620
     600
     613
     648
     628
     632
     609
     679
     622
     647
     627
     639
     607
     613
     618
     587
     611
     573
     606
     594
     576
     593
     572
     621
     587
     553
     616
     601
     617
     628
     544
     598
     580
     607
     579
     594
     584
     586
     589
     572
     624
     533
     534
     629
     594
     631
     582
     568
     607
     567
     561
     580
     597
     622
     568
     569
     577
     554
     589
     566
     585
     574
     598
     571
     563
     610
     555
     586
     567
     612
     613
     546
     515
     520
     614
     555
     553
     569
     600
     553
     572
     579
     564
     576
     582
     573
     577
     577
     478
     562
     529
     585
     581
     570
     583
     554
     529
     576
     584
     580
     555
     546
     538
     573
     554
     614
     592
     525
     563
     552
     562
     585
     564
     534
     577
     555
     514
     539
     555
     519
     606
     618
     597
     532
     564
     570
     560
     551
     562
     573
     554
     560
     583
     498
     520
     557
     525
     506
     502
     539
     569
     524
     535
     580
     547
     590
     534
     552
     626
     562
     613
     621
     657
     653
     747
     709
     850
     865
    1009
    1106
    1309
    1404
    1623
    1791
    2044
    2371
    2673
    3021
    3425
    3735
    4051
    4585
    4879
    5335
    5785
    5925
    6414
    6686
    6991
    7202
    7501
    7632
    7639
    7850
    7948
    7856
    7914
    7720
    7607
    7451
    7414
    7159
    6908
    6540
    6506
    6037
    5796
    5782
    5515
    5158
    4752
    4627
    4409
    4196
    3879
    3732
    3515
    3361
    3105
    2862
    2776
    2481
    2423
    2306
    2171
    1952
    1891
    1781
    1721
    1685
    1490
    1400
    1358
    1330
    1255
    1187
    1180
    1154
    1104
    1084
    1078
     991
    1027
    1066
     975
     920
     937
     957
     906
     922
     916
     838
     924
     879
     894
     885
     825
     914
     823
     835
     847
     845
     870
     804
     807
     829
     777
     820
     768
     809
     761
     802
     809
     744
     806
     755
     750
     740
     730
     745
     764
     758
     801
     742
     762
     747
     749
     758
     766
     756
     748
     758
     726
     714
     742
     713
     695
     642
     706
     719
     682
     711
     707
     682
     724
     694
     690
     710
     675
     723
     681
     653
     690
     715
     692
     674
     685
     670
     659
     678
     620
     653
     659
     640
     601
     653
     651
     639
     666
     642
     648
     610
     653
     661
     623
     635
     677
     639
     668
     661
     698
     653
     685
     631
     601
     625
     671
     635
     602
     626
     624
     636
     625
     555
     616
     619
     601
     588
     587
     608
     610
     631
     589
     611
     604
     574
     574
     577
     611
     631
     591
     598
     603
     636
     561
     570
     579
     631
     564
     570
     613
     562
     576
     560
     558
     588
     576
     630
     587
     599
     576
     501
     583
     605
     540
     558
     544
     555
     590
     584
     603
     550
     566
     614
     565
     583
     545
     587
     554
     597
     542
     537
     533
     536
     568
     566
     550
     577
     534
     527
     554
     489
     558
     565
     502
     536
     496
     552
     520
     525
     549
     512
     502
     506
     523
     504
     505
     500
     555
     514
     499
     503
     531
     530
     514
     559
     530
     513
     549
     498
     503
     494
     498
     519
     537
     509
     555
     550
     504
     501
     514
     511
     558
     499
     503
     503
     506
     504
     501
     492
     458
     484
     491
     520
     475
     485
     504
     495
     476
     487
     538
     481
     502
     447
     525
     519
     462
     485
     495
     488
     496
     457
     485
     484
     496
     466
     519
     481
     514
     481
     491
     492
     458
     489
     454
     506
     482
     483
     443
     457
     475
     457
     468
     486
     454
     512
     466
     488
     448
     474
     448
     447
     468
     470
     469
     451
     436
     453
     489
     453
     473
     428
     462
     475
     456
     488
     475
     457
     465
     445
     464
     486
     441
     444
     437
     461
     430
     465
     444
     421
     467
     450
     441
     434
     410
     455
     442
     461
     456
     438
     478
     421
     428
     418
     452
     428
     458
     411
     455
     438
     416
     429
     432
     442
     421
     468
     394
     453
     448
     408
     443
     452
     441
     420
     409
     449
     431
     420
     444
     451
     443
     444
     453
     459
     421
     406
     403
     431
     420
     406
     432
     460
     427
     388
     440
     437
     420
     437
     433
     432
     400
     433
     390
     379
     425
     379
     417
     444
     422
     411
     414
     437
     391
     421
     389
     373
     424
     397
     429
     430
     402
     410
     415
     405
     421
     391
     427
     404
     406
     387
     421
     401
     416
     381
     406
     416
     406
     415
     412
     408
     403
     378
     424
     425
     401
     413
     394
     362
     383
     421
     432
     447
     379
     410
     426
     371
     429
     389
     389
     429
     403
     377
     426
     424
     428
     379
     393
     417
     428
     372
     450
     396
     412
     385
     395
     392
     438
     431
     415
     394
     405
     427
     432
     440
     411
     415
     420
     430
     414
     415
     411
     432
     402
     373
     403
     440
     394
     386
     401
     407
     401
     402
     422
     434
     402
     423
     410
     434
     401
     395
     409
     413
     392
     434
     414
     377
     407
     403
     393
     402
     421
     424
     426
     416
     443
     443
     431
     454
     440
     431
     435
     450
     444
     421
     443
     432
     459
     416
     431
     406
     404
     437
     431
     403
     428
     413
     422
     391
     418
     425
     453
     436
     410
     432
     441
     399
     458
     420
     431
     426
     436
     452
     449
     485
     424
     433
     466
     438
     446
     472
     455
     435
     442
     417
     478
     434
     447
     467
     467
     475
     458
     489
     473
     472
     458
     435
     430
     459
     467
     429
     501
     404
     455
     455
     426
     436
     450
     457
     450
     452
     437
     467
     482
     451
     465
     465
     458
     443
     471
     473
     460
     466
     468
     452
     461
     464
     448
     447
     445
     460
     499
     468
     471
     481
     443
     463
     449
     464
     500
     444
     478
     516
     482
     456
     510
     501
     490
     474
     458
     500
     478
     481
     506
     515
     520
     482
     472
     553
     517
     482
     512
     508
     464
     507
     467
     514
     494
     510
     500
     522
     507
     491
     486
     487
     520
     505
     524
     513
     505
     487
     529
     560
     518
     542
     515
     564
     544
     558
     572
     544
     540
     495
     515
     549
     553
     564
     604
     589
     561
     560
     547
     542
     591
     599
     546
     580
     586
     607
     564
     578
     610
     586
     562
     598
     589
     570
     588
     611
     609
     621
     659
     590
     638
     632
     666
     597
     649
     678
     658
     629
     678
     660
     679
     649
     690
     710
     653
     720
     667
     669
     690
     719
     721
     705
     720
     758
     678
     708
     696
     698
     709
     724
     710
     774
     761
     771
     750
     788
     765
     802
     726
     780
     788
     792
     817
     805
     834
     838
     854
     791
     795
     867
     847
     833
     888
     913
     929
     836
     934
     896
     887
     954
     939
     946
     919
     977
     959
     974
     940
    1006
    1001
     974
    1085
    1063
    1032
    1095
    1084
    1106
    1126
    1110
    1131
    1080
    1067
    1090
    1087
    1188
    1205
    1181
    1183
    1207
    1234
    1211
    1179
    1261
    1245
    1251
    1251
    1359
    1263
    1281
    1354
    1314
    1292
    1338
    1400
    1378
    1403
    1436
    1393
    1453
    1440
    1443
    1530
    1506
    1554
    1503
    1493
    1599
    1595
    1527
    1516
    1566
    1624
    1555
    1681
    1606
    1705
    1750
    1740
    1675
    1714
    1759
    1770
    1686
    1752
    1762
    1788
    1809
    1870
    1857
    1909
    1942
    1924
    1862
    1967
    1925
    1949
    1974
    1986
    1983
    2022
    1995
    2043
    2083
    2094
    2054
    2118
    2107
    2084
    2180
    2165
    2223
    2158
    2213
    2286
    2278
    2199
    2281
    2305
    2317
    2317
    2241
    2330
    2325
    2351
    2375
    2382
    2301
    2379
    2431
    2422
    2454
    2381
    2498
    2488
    2573
    2492
    2605
    2540
    2572
    2523
    2526
    2563
    2574
    2575
    2605
    2660
    2648
    2597
    2663
    2642
    2683
    2680
    2729
    2706
    2614
    2731
    2788
    2740
    2744
    2704
    2766
    2814
    2719
    2767
    2721
    2751
    2782
    2792
    2753
    2828
    2751
    2781
    2769
    2962
    2807
    2845
    2868
    2829
    2794
    2842
    2818
    2782
    2931
    2867
    2750
    2866
    2854
    2769
    2767
    2812
    2819
    2842
    2906
    2769
    2781
    2787
    2838
    2811
    2824
    2733
    2665
    2711
    2866
    2757
    2829
    2672
    2689
    2700
    2726
    2789
    2644
    2693
    2625
    2652
    2645
    2671
    2507
    2596
    2727
    2594
    2580
    2549
    2573
    2572
    2567
    2471
    2446
    2485
    2466
    2402
    2429
    2370
    2459
    2343
    2393
    2354
    2339
    2363
    2246
    2344
    2252
    2300
    2185
    2172
    2291
    2218
    2130
    2149
    2138
    2087
    2095
    2012
    1994
    2067
    1940
    2006
    1954
    1955
    1929
    1890
    1942
    1775
    1860
    1872
    1812
    1786
    1673
    1863
    1731
    1755
    1697
    1712
    1640
    1643
    1634
    1664
    1579
    1466
    1535
    1479
    1455
    1516
    1484
    1415
    1440
    1453
    1414
    1373
    1355
    1355
    1281
    1279
    1324
    1279
    1202
    1253
    1206
    1269
    1243
    1243
    1182
    1136
    1081
    1132
    1016
    1052
    1031
    1072
    1019
    1035
     986
    1018
     970
     923
     983
     924
     986
     883
     883
     884
     870
     864
     885
     855
     797
     856
     806
     841
     785
     790
     785
     821
     744
     803
     779
     748
     768
     748
     730
     687
     725
     723
     730
     697
     643
     672
     680
     674
     672
     662
     625
     664
     615
     640
     591
     619
     612
     603
     637
     608
     592
     547
     555
     581
     585
     595
     609
     577
     576
     573
     563
     576
     515
     620
     559
     551
     590
     616
     584
     542
     576
     544
     562
     551
     538
     531
     543
     521
     554
     560
     501
     567
     506
     528
     537
     539
     598
     579
     513
     557
     524
     518
     559
     543
     531
     522
     558
     552
     566
     577
     521
     587
     537
     551
     509
     546
     551
     526
     568
     562
     574
     592
     575
     578
     576
     555
     530
     544
     567
     550
     530
     569
     624
     524
     563
     622
     581
     604
     536
     541
     589
     552
     566
     588
     555
     624
     607
     608
     629
     553
     586
     610
     613
     647
     607
     588
     566
     595
     574
     572
     633
     617
     617
     605
     579
     602
     611
     602
     630
     642
     573
     631
     591
     597
     624
     588
     662
     598
     676
     645
     621
     626
     596
     627
     663
     605
     648
     638
     644
     660
     649
     658
     642
     628
     722
     609
     649
     633
     632
     641
     668
     664
     692
     644
     629
     686
     683
     679
     700
     687
     671
     658
     710
     647
     632
     631
     678
     618
     677
     634
     711
     699
     690
     684
     661
     672
     690
     675
     664
     680
     660
     680
     615
     692
     695
     689
     622
     654
     647
     611
     635
     630
     683
     685
     659
     644
     664
     655
     648
     634
     638
     628
     649
     616
     631
     645
     653
     648
     631
     664
     622
     641
     603
     649
     603
     627
     605
     642
     588
     599
     628
     625
     642
     597
     563
     612
     610
     618
     598
     587
     559
     605
     610
     597
     633
     547
     620
     643
     547
     603
     614
     571
     552
     589
     589
     521
     572
     583
     573
     532
     578
     612
     565
     576
     581
     579
     527
     575
     573
     588
     569
     575
     531
     542
     524
     565
     552
     538
     535
     514
     522
     533
     569
     507
     516
     571
     538
     532
     504
     540
     494
     548
     544
     538
     488
     523
     495
     564
     531
     520
     565
     522
     514
     533
     560
     529
     517
     554
     506
     524
     509
     529
     547
     522
     507
     527
     551
     514
     561
     533
     551
     563
     553
     526
     507
     539
     530
     552
     494
     523
     513
     532
     521
     539
     571
     571
     560
     569
     542
     556
     558
     570
     513
     550
     523
     525
     579
     573
     554
     534
     550
     551
     593
     541
     559
     547
     542
     579
     632
     579
     577
     559
     590
     548
     582
     563
     565
     574
     571
     550
     635
     588
     609
     569
     606
     587
     570
     567
     599
     638
     611
     616
     590
     596
     615
     576
     574
     602
     620
     612
     583
     617
     619
     562
     620
     577
     613
     628
     623
     594
     616
     587
     634
     608
     597
     575
     592
     532
     624
     606
     599
     577
     595
     560
     579
     599
     542
     561
     605
     615
     601
     590
     535
     585
     580
     592
     558
     530
     557
     570
     566
     544
     483
     562
     540
     562
     529
     550
     516
     546
     534
     539
     498
     540
     520
     487
     491
     560
     465
     496
     509
     491
     490
     461
     479
     448
     481
     467
     500
     442
     505
     492
     470
     442
     442
     428
     442
     426
     466
     411
     446
     400
     427
     426
     421
     416
     397
     386
     427
     400
     404
     389
     380
     396
     379
     384
     384
     367
     366
     356
     367
     347
     356
     327
     353
     386
     355
     331
     358
     347
     350
     358
     321
     349
     355
     328
     336
     349
     343
     338
     346
     353
     306
     345
     321
     345
     320
     338
     357
     338
     336
     328
     337
     310
     319
     326
     326
     321
     305
     344
     357
     322
     346
     326
     323
     355
     320
     319
     303
     308
     321
     327
     326
     306
     316
     310
     315
     316
     322
     325
     319
     284
     292
     309
     322
     316
     311
     277
     286
     325
     305
     298
     284
     298
     311
     287
     298
     285
     305
     301
     273
     285
     292
     277
     301
     255
     296
     256
     289
     266
     298
     277
     256
     280
     280
     295
     254
     269
     267
     299
     279
     273
     281
     269
     276
     275
     285
     285
     289
     265
     258
     274
     277
     269
     242
     250
     270
     276
     270
     285
     286
     274
     293
     278
     282
     285
     274
     272
     285
     263
     250
     245
     237
     245
     264
     236
     265
     258
     253
     296
     252
     236
     269
     248
     239
     255
     282
     287
     264
     247
     253
     275
     275
     246
     274
     229
     248
     255
     285
     256
     276
     266
     265
     266
     269
     269
     291
     277
     258
     265
     267
     255
     240
     256
     259
     270
     266
     252
     268
     271
     247
     253
     236
     258
     241
     250
     246
     255
     255
     274
     238
     261
     233
     224
     230
     270
     265
     256
     251
     249
     263
     280
     260
     238
     278
     262
     252
     247
     283
     243
     258
     271
     285
     253
     248
     263
     240
     261
     273
     263
     291
     260
     262
     277
     255
     268
     256
     263
     265
     290
     286
     246
     284
     249
     265
     277
     261
     279
     275
     264
     273
     252
     270
     264
     289
     283
     279
     275
     280
     286
     256
     274
     258
     281
     287
     290
     266
     299
     291
     284
     292
     277
     327
     285
     250
     293
     291
     311
     313
     313
     301
     341
     294
     270
     306
     321
     285
     302
     309
     324
     303
     317
     332
     292
     314
     292
     328
     311
     307
     303
     353
     355
     321
     348
     314
     338
     339
     338
     349
     356
     312
     318
     390
     360
     343
     343
     387
     355
     341
     366
     361
     334
     353
     366
     344
     363
     371
     360
     395
     362
     383
     385
     362
     373
     378
     395
     374
     376
     386
     377
     405
     371
     400
     372
     374
     386
     379
     378
     376
     388
     385
     400
     351
     399
     400
     410
     347
     383
     378
     417
     371
     386
     371
     396
     400
     427
     406
     388
     389
     376
     378
     360
     377
     407
     386
     384
     369
     430
     387
     393
     412
     380
     414
     414
     366
     436
     415
     426
     405
     422
     403
     393
     426
     420
     460
     405
     398
     386
     408
     410
     413
     389
     425
     402
     409
     383
     431
     383
     406
     385
     399
     422
     420
     379
     376
     426
     432
     408
     411
     369
     362
     395
     430
     425
     400
     376
     381
     421
     373
     344
     395
     409
     407
     391
     403
     391
     337
     349
     373
     410
     380
     370
     375
     406
     392
     342
     368
     366
     352
     369
     378
     378
     329
     363
     368
     355
     328
     368
     366
     338
     343
     337
     322
     360
     348
     367
     377
     351
     351
     322
     317
     329
     317
     350
     332
     325
     342
     370
     314
     340
     330
     323
     320
     329
     336
     331
     362
     338
     338
     304
     335
     325
     304
     333
     333
     328
     363
     308
     314
     324
     333
     321
     362
     336
     318
     317
     341
     332
     338
     307
     344
     339
     291
     314
     321
     339
     343
     348
     335
     329
     311
     351
     314
     365
     367
     320
     344
     357
     346
     343
     320
     340
     336
     352
     318
     354
     344
     363
     363
     364
     351
     347
     383
     381
     365
     353
     362
     356
     392
     382
     408
     384
     376
     355
     371
     412
     400
     401
     400
     418
     409
     437
     420
     449
     421
     471
     451
     479
     449
     491
     489
     475
     482
     501
     481
     514
     505
     545
     530
     550
     547
     567
     544
     554
     601
     581
     577
     614
     607
     664
     645
     661
     659
     680
     721
     653
     709
     705
     725
     713
     753
     792
     790
     755
     764
     814
     830
     859
     841
     849
     835
     899
     828
     864
     886
     891
     875
     859
     961
     863
     867
     858
     926
     929
     898
     945
     924
     869
     923
     908
     909
     931
     883
     868
     918
     854
     888
     879
     837
     844
     813
     890
     852
     803
     797
     811
     766
     762
     703
     770
     737
     732
     699
     707
     706
     663
     643
     662
     621
     596
     596
     544
     608
     579
     562
     510
     532
     520
     512
     487
     439
     442
     448
     411
     402
     435
     367
     374
     323
     359
     329
     323
     314
     302
     292
     257
     262
     260
     289
     253
     215
     197
     228
     183
     163
     175
     170
     141
     163
     131
     134
     121
     133
      97
     113
      96
      96
      85
      89
      68
      64
      64
      52
      63
      71
      61
      47
      46
      40
      31
      35
      35
      43
      28
      38
      22
      25
      17
      22
      17
      19
      21
      13
      13
      17
       6
      14
      17
      10
       9
      15
      13
       7
      11
      10
       8
       5
       5
       6
       8
       6
       5
       7
       8
       3
       4
       5
      10
       5
       6
       6
       8
       2
       2
       5
       6
       6
       5
       5
       5
       4
       3
       6
       3
       2
       6
       4
       4
       0
       1
       5
       0
       3
       5
       6
       5
       3
       4
       3
       0
       6
       2
       6
       7
       4
       5
       0
       2
       7
       3
       7
       4
       1
       5
       1
       5
       5
       3
       8
       6
       4
       1
       2
       1
       4
       5
       5
       2
       2
       4
       5
       4
       2
       4
       1
       4
       7
       2
       3
       4
       3
       3
       2
       2
       4
       3
       5
       3
       0
       5
       5
       3
       1
       5
       0
       7
       5
       6
       4
       4
       3
       0
       4
       7
       4
       3
       2
       4
       3
       3
       3
       3
       4
       5
       2
       3
       5
       3
       2
       5
       2
       4
       7
       1
       5
       4
       4
       4
       2
       1
       2
       4
       7
       3
       4
       2
       2
       1
       2
       4
       5
       2
       2
       2
       3
       3
       0
       4
       3
       2
       4
       2
       2
       5
       6
       4
       1
       3
       0
       4
       2
       4
       3
       1
       5
       5
       1
       2
       1
       2
       5
       2
       4
       5
       4
       1
       4
       4
       5
       3
       6
       2
       1
       2
       2
       3
       2
       2
       4
       1
       1
       3
       1
       3
       1
       3
       4
       4
       1
       2
       6
       2
       2
       2
       6
       3
       2
       1
       1
       4
       6
       1
       2
       3
       3
       1
       3
       2
       3
       1
       3
       1
       5
       1
       3
       1
       2
       1
       2
       1
       2
       2
       0
       0
       0
       4
       1
       1
       0
       2
       1
       3
       1
       7
       2
       0
       2
       3
       3
       3
       2
       3
       0
       3
       3
       0
       3
       1
       1
       1
       0
       3
       0
       2
       2
       0
       2
       2
       1
       1
       1
       4
       2
       0
       1
       2
       1
       2
       2
       3
       3
       0
       1
       1
       2
       1
       2
       1
       3
       1
       0
       2
       1
       4
       0
       1
       1
       2
       0
       1
       3
       0
       0
       0
       1
       1
       2
       0
       3
       0
       3
       1
       2
       0
       1
       2
       2
       0
       2
       1
       2
       2
       3
       2
       0
       1
       1
       2
       1
       1
       2
       2
       1
       2
       1
       1
       4
       1
       1
       1
       2
       0
       0
       2
       0
       1
       1
       1
       2
       2
       0
       2
       0
       0
       0
       1
       1
       2
       1
       3
       1
       2
       1
       0
       1
       2
       1
       0
       0
       0
       0
       1
       0
       1
       1
       1
       0
       3
       1
       2
       0
       0
       0
       0
       1
       0
       1
       1
       0
       1
       0
       1
       1
       0
       1
       1
       0
       2
       1
       0
       1
       3
       0
       2
       0
       1
       0
       1
       1
       2
       2
       1
       1
       0
       0
       0
       1
       0
       1
       0
       0
       0
       1
       5
       3
       5
       6
       5
       6
       5
       5
       3
       4
       5
       3
       4
       8
       5
       5
       3
       4
       7
       5
       8
       6
      11
       7
       5
       8
       2
       4
       5
       7
       6
       5
       6
       2
       7
       3
       5
       7
       4
       7
       6
       5
       2
       3
       4
       2
       8
       5
       6
       1
       6
       4
       5
       6
       4
       5
      10
       6
       2
       4
       7
       8
       6
       6
       7
       2
       3
       7
       5
       7
       2
       7
       7
       5
       5
       5
       6
       6
       3
       6
       4
       1
       6
       1
       5
       0
       3
       3
       4
       3
       5
       5
       4
       3
       6
       5
       4
       5
       7
       5
       7
       3
       5
       2
       5
       5
       3
       2
       3
       5
       7
       3
       7
       5
       5
       4
       8
       4
       1
       1
       4
       3
       5
       2
       5
       4
       2
       3
       3
       5
       3
       4
       6
       3
       5
       0
       4
       5
       4
       7
       4
       4
       3
       4
       7
       4
       1
       2
       3
       2
       3
       5
       4
       2
       6
       5
       3
       2
       3
       4
       5
       4
       4
       3
       5
       2
       0
       4
       6
       4
       5
       7
       3
       6
       5
       4
       2
       4
       0
       4
       3
       5
       2
       5

