       1
       3
       2
       0
       6
       5
       2
       5
       4
       4
       5
       5
       5
       3
       7
       8
       3
       6
       8
       2
       7
       6
       9
      14
      80
     286
     627
     851
    1199
    1460
    1422
    1341
    1371
    1463
    1459
    1614
    1639
    1695
    1933
    2317
    2583
    3019
    3210
    3558
    3686
    3744
    3903
    3774
    3817
    3827
    4378
   13189
   41680
   90120
  118108
  119853
   98838
   75461
   58838
   49294
   44491
   45667
   50884
   60572
   78389
  107270
  143167
  174747
  184899
  173104
  146034
  122622
  114288
  120270
  131879
  135368
  122026
   96246
   67771
   45084
   30577
   23067
   20261
   19894
   20428
   20977
   21132
   21541
   21167
   21502
   25009
   33579
   48909
   73078
  101330
  124907
  133146
  122508
   96988
   69074
   45487
   30173
   23952
   25500
   34443
   50824
   71536
   91831
  102963
  100971
   85323
   63593
   42633
   25925
   15052
    8709
    5459
    3927
    3503
    3184
    3233
    3169
    3129
    3203
    3297
    3251
    3292
    3299
    3168
    3319
    3289
    3402
    3383
    3420
    3267
    3542
    3375
    3505
    3498
    3554
    3533
    3600
    3584
    3498
    3562
    3610
    3714
    3553
    3762
    3599
    3688
    3558
    3690
    3635
    3829
    3763
    3782
    3752
    3791
    3842
    3808
    3793
    3843
    3858
    3926
    3795
    3750
    3805
    3954
    3767
    3686
    3812
    3843
    3678
    3867
    3755
    3763
    3886
    3811
    3770
    3741
    3766
    3697
    3805
    3694
    3758
    3665
    3680
    3766
    3736
    3708
    3642
    3738
    3749
    3589
    3733
    3819
    3802
    3755
    3717
    3699
    3965
    3906
    3976
    3892
    4008
    3846
    3954
    3965
    4088
    4100
    4185
    4264
    4264
    4105
    4290
    4431
    4364
    4463
    4418
    4564
    4501
    4625
    4512
    4729
    4487
    4632
    4750
    4683
    4689
    4722
    4659
    4630
    4821
    4751
    4802
    4592
    4667
    4562
    4580
    4396
    4485
    4499
    4454
    4356
    4261
    4173
    4206
    4054
    4142
    3972
    3965
    3746
    3851
    3865
    3753
    3755
    3701
    3587
    3483
    3623
    3569
    3514
    3466
    3460
    3451
    3329
    3483
    3411
    3398
    3302
    3453
    3304
    3476
    3372
    3441
    3374
    3356
    3323
    3335
    3325
    3368
    3372
    3467
    3441
    3422
    3420
    3461
    3529
    3417
    3500
    3501
    3517
    3523
    3576
    3536
    3521
    3547
    3511
    3495
    3630
    3644
    3695
    3721
    3703
    3720
    3772
    3822
    3788
    3860
    3896
    4010
    3990
    4075
    4084
    4126
    4165
    4226
    4238
    4233
    4500
    4539
    4501
    4354
    4510
    4701
    4692
    4894
    4979
    4932
    5111
    5197
    5289
    5415
    5653
    5607
    5782
    5931
    6080
    6306
    6353
    6702
    6995
    6976
    7218
    7603
    7683
    7868
    8155
    8403
    8672
    9020
    9086
    9443
    9659
    9938
   10296
   10719
   10782
   11184
   11393
   11560
   11967
   12133
   12386
   12741
   12696
   12946
   12815
   13174
   13494
   13301
   13283
   13314
   13452
   13383
   13505
   13286
   13264
   13214
   13269
   12989
   12726
   12896
   12388
   12593
   12265
   12180
   11881
   11712
   11458
   11220
   11214
   10858
   10588
   10459
   10153
   10233
    9888
    9760
    9579
    9285
    9308
    9257
    9358
    9198
    9070
    8862
    8916
    8819
    8750
    8660
    8689
    8664
    8664
    8595
    8683
    8391
    8425
    8568
    8539
    8473
    8414
    8607
    8468
    8372
    8350
    8314
    8286
    8246
    8269
    8356
    8148
    7946
    7986
    7924
    7666
    7691
    7601
    7653
    7534
    7477
    7373
    7518
    7291
    7157
    7249
    7123
    7009
    7047
    6905
    6737
    6922
    6648
    6512
    6628
    6508
    6369
    6308
    6268
    6245
    6292
    6401
    6220
    5969
    6178
    5930
    6000
    6036
    6068
    5951
    5878
    5905
    5911
    5771
    5646
    5698
    5750
    5792
    5709
    5623
    5700
    5612
    5598
    5487
    5591
    5578
    5695
    5603
    5621
    5582
    5560
    5489
    5548
    5589
    5529
    5491
    5621
    5565
    5577
    5568
    5555
    5641
    5574
    5543
    5533
    5587
    5630
    5532
    5647
    5550
    5703
    5531
    5643
    5507
    5502
    5526
    5652
    5598
    5555
    5416
    5583
    5536
    5653
    5517
    5580
    5566
    5860
    5612
    5612
    5629
    5756
    5671
    5668
    5686
    5758
    5593
    5764
    5712
    5651
    5695
    5513
    5469
    5611
    5687
    5712
    5822
    5601
    5703
    5718
    5785
    5641
    5773
    5869
    5714
    5858
    5692
    5715
    5597
    5764
    5797
    5708
    5800
    5718
    5738
    6012
    5856
    5812
    5687
    5804
    5796
    5589
    5645
    5816
    5831
    5795
    5757
    5803
    5778
    5748
    5774
    5682
    5897
    5752
    5844
    5803
    5835
    5813
    5934
    5817
    5893
    5865
    5944
    6039
    5817
    5816
    5753
    5827
    5901
    5818
    5698
    5799
    5775
    5765
    5824
    5929
    5758
    5992
    5924
    5718
    5813
    5924
    5807
    5702
    5811
    5907
    6053
    5949
    5938
    5891
    5734
    5870
    5803
    5795
    5781
    5884
    5768
    5871
    5854
    5833
    5982
    5801
    5839
    5817
    5752
    6078
    5850
    5834
    5758
    5868
    5802
    5919
    5797
    5812
    5795
    5917
    5828
    5784
    5739
    5972
    5742
    5826
    5634
    5783
    5798
    5807
    5870
    5674
    5782
    5717
    5849
    5703
    5686
    5736
    5754
    5754
    5759
    5725
    5856
    5815
    5851
    5816
    5708
    5746
    5831
    5663
    5817
    5783
    5726
    5646
    5815
    5850
    5715
    5757
    5853
    5639
    5730
    5830
    5752
    5729
    5806
    5772
    5655
    5660
    5696
    5639
    5745
    5728
    5768
    5708
    5794
    5503
    5636
    5546
    5513
    5607
    5629
    5568
    5629
    5681
    5553
    5641
    5659
    5562
    5551
    5617
    5607
    5637
    5514
    5558
    5534
    5643
    5485
    5673
    5555
    5503
    5399
    5519
    5495
    5574
    5462
    5448
    5548
    5499
    5444
    5580
    5444
    5528
    5533
    5391
    5444
    5331
    5537
    5464
    5520
    5346
    5424
    5475
    5408
    5357
    5438
    5364
    5285
    5333
    5352
    5365
    5323
    5317
    5266
    5264
    5230
    5161
    5305
    5352
    5134
    5320
    5405
    5427
    5268
    5350
    5239
    5204
    5276
    5269
    5248
    5164
    5077
    5135
    5177
    5233
    5145
    5137
    5291
    5095
    5177
    5210
    5122
    5173
    5036
    5083
    5002
    5208
    5223
    5203
    5095
    5140
    5174
    5030
    5020
    5210
    5037
    5065
    5091
    5184
    5082
    5117
    5018
    5012
    4957
    5111
    5044
    5022
    5094
    5024
    5157
    4926
    5092
    5017
    4971
    5139
    5265
    5089
    5081
    5132
    5123
    5102
    5163
    5184
    5076
    5082
    5018
    5148
    5023
    5127
    5237
    5071
    5086
    5156
    4992
    5063
    5029
    5104
    5189
    5084
    5073
    5043
    5117
    5216
    5020
    5058
    5201
    5048
    5012
    5031
    5092
    5278
    5189
    5089
    5021
    5210
    5076
    5072
    5025
    5134
    4985
    5033
    5048
    5095
    5126
    4974
    5087
    5083
    5128
    5075
    5059
    5135
    4877
    5066
    4991
    5055
    5108
    4804
    4867
    4953
    5005
    4903
    5058
    4772
    4780
    4858
    4975
    4979
    4896
    4755
    4743
    4797
    4836
    4799
    4836
    4661
    4812
    4749
    4720
    4702
    4792
    4752
    4646
    4814
    4699
    4588
    4730
    4669
    4700
    4750
    4718
    4659
    4589
    4676
    4604
    4725
    4505
    4544
    4689
    4597
    4550
    4491
    4472
    4536
    4501
    4503
    4505
    4548
    4497
    4418
    4566
    4394
    4459
    4404
    4429
    4458
    4487
    4404
    4410
    4405
    4454
    4469
    4400
    4478
    4349
    4414
    4393
    4510
    4474
    4362
    4336
    4343
    4489
    4433
    4314
    4350
    4422
    4417
    4273
    4272
    4296
    4271
    4373
    4392
    4281
    4290
    4353
    4219
    4331
    4342
    4263
    4170
    4272
    4264
    4196
    4243
    4335
    4239
    4191
    4160
    4201
    4257
    4320
    4216
    4219
    4104
    4299
    4097
    4207
    4070
    4040
    4285
    4131
    4132
    4166
    4152
    4232
    4105
    4082
    4125
    4202
    4110
    4215
    4329
    4186
    4141
    4097
    4171
    4118
    4146
    3861
    4174
    4128
    4201
    4282
    4189
    4168
    4062
    4060
    4185
    4107
    4088
    4068
    4079
    4107
    4090
    4159
    4200
    4129
    4195
    4177
    4312
    4134
    4178
    4136
    4152
    4243
    4144
    4253
    4146
    4230
    4254
    4196
    4197
    4218
    4078
    4284
    4327
    4276
    4332
    4325
    4344
    4242
    4255
    4468
    4286
    4284
    4321
    4478
    4336
    4431
    4303
    4357
    4309
    4436
    4398
    4290
    4482
    4314
    4430
    4339
    4525
    4474
    4407
    4405
    4401
    4511
    4571
    4364
    4433
    4359
    4538
    4405
    4507
    4505
    4449
    4446
    4462
    4422
    4488
    4491
    4595
    4579
    4473
    4478
    4488
    4407
    4489
    4430
    4413
    4390
    4478
    4385
    4483
    4354
    4405
    4478
    4375
    4373
    4273
    4385
    4256
    4340
    4322
    4321
    4270
    4306
    4310
    4258
    4158
    4241
    4203
    4127
    4194
    4186
    4228
    4160
    4168
    4100
    4020
    4145
    4082
    4022
    4109
    3990
    4025
    3999
    3996
    3953
    3967
    3931
    3885
    3942
    3851
    3819
    3880
    3786
    3825
    3632
    3828
    3756
    3669
    3698
    3724
    3617
    3650
    3759
    3734
    3604
    3570
    3661
    3614
    3730
    3557
    3611
    3426
    3541
    3523
    3390
    3504
    3332
    3406
    3324
    3376
    3437
    3398
    3450
    3407
    3357
    3361
    3220
    3339
    3288
    3327
    3362
    3347
    3322
    3313
    3167
    3297
    3331
    3436
    3321
    3260
    3250
    3190
    3145
    3127
    3292
    3144
    3103
    3277
    3146
    3161
    3157
    3138
    3167
    3150
    3127
    3278
    3133
    3148
    3131
    3117
    3186
    3128
    3231
    3099
    3076
    3107
    3045
    3176
    3073
    3150
    3137
    3090
    3069
    3114
    3012
    3092
    3135
    3072
    3033
    3082
    3028
    3054
    3068
    3037
    3002
    3061
    3066
    3020
    2997
    2983
    3041
    3029
    3024
    2979
    3049
    3000
    3018
    3055
    3083
    3041
    2987
    2939
    3109
    3163
    3085
    2951
    3093
    3073
    2950
    3180
    3068
    3102
    2947
    3112
    3018
    3093
    3130
    3089
    3054
    3010
    3117
    3124
    3118
    3097
    3143
    3041
    2998
    3069
    3089
    3039
    3098
    3056
    3092
    3168
    3014
    3061
    2954
    3099
    3183
    3158
    3195
    3285
    3175
    3157
    3138
    3255
    3147
    3143
    3214
    3165
    3185
    3060
    3065
    3301
    3122
    3131
    3189
    3158
    3204
    3170
    3153
    3134
    3132
    3217
    3091
    3143
    3253
    3150
    3246
    3144
    3156
    3156
    3180
    3057
    3340
    3185
    3136
    3164
    3185
    3211
    3218
    3161
    3287
    3161
    3159
    3177
    3177
    3122
    3160
    3100
    3172
    3127
    3118
    3108
    3155
    3146
    3101
    3172
    3132
    3150
    3076
    3111
    3033
    3062
    3048
    3117
    3027
    3076
    3077
    3072
    3167
    2919
    3045
    2955
    3024
    2960
    2996
    2937
    2942
    2907
    2943
    2992
    2920
    2855
    2978
    3012
    2966
    2860
    2886
    2878
    2898
    2864
    2812
    2812
    2796
    2862
    2821
    2757
    2680
    2699
    2699
    2712
    2674
    2681
    2769
    2743
    2657
    2569
    2636
    2644
    2715
    2531
    2650
    2684
    2576
    2538
    2647
    2515
    2523
    2581
    2675
    2645
    2606
    2491
    2448
    2519
    2519
    2487
    2486
    2569
    2444
    2522
    2504
    2456
    2433
    2386
    2457
    2358
    2410
    2475
    2340
    2422
    2446
    2281
    2454
    2373
    2329
    2354
    2346
    2356
    2291
    2395
    2313
    2347
    2347
    2316
    2341
    2330
    2441
    2388
    2371
    2283
    2315
    2287
    2385
    2302
    2315
    2395
    2319
    2314
    2380
    2355
    2342
    2365
    2386
    2332
    2423
    2364
    2317
    2307
    2386
    2412
    2293
    2368
    2352
    2421
    2450
    2302
    2412
    2370
    2261
    2350
    2445
    2376
    2393
    2468
    2406
    2480
    2416
    2498
    2440
    2396
    2434
    2545
    2524
    2589
    2454
    2530
    2529
    2447
    2420
    2470
    2569
    2520
    2627
    2528
    2507
    2543
    2470
    2605
    2584
    2584
    2623
    2587
    2644
    2546
    2668
    2561
    2659
    2671
    2571
    2581
    2737
    2631
    2660
    2672
    2691
    2654
    2678
    2688
    2796
    2779
    2670
    2677
    2698
    2700
    2755
    2723
    2705
    2836
    2764
    2776
    2803
    2661
    2697
    2666
    2896
    2821
    2810
    2761
    2889
    2846
    2815
    2810
    2843
    2817
    2761
    2922
    2850
    2915
    2837
    2893
    2811
    2859
    2926
    2889
    2925
    2940
    2911
    2906
    2934
    2862
    2987
    2860
    2925
    2884
    2956
    2844
    2893
    2832
    2834
    2897
    2904
    2841
    2807
    2722
    2812
    2868
    2908
    2892
    2823
    2780
    2886
    2709
    2741
    2761
    2802
    2837
    2773
    2759
    2760
    2838
    2816
    2669
    2752
    2713
    2692
    2709
    2615
    2760
    2645
    2657
    2690
    2768
    2716
    2669
    2574
    2516
    2579
    2516
    2604
    2556
    2570
    2531
    2512
    2501
    2467
    2490
    2456
    2428
    2422
    2395
    2443
    2372
    2372
    2414
    2385
    2391
    2298
    2413
    2349
    2240
    2341
    2308
    2292
    2312
    2259
    2182
    2254
    2173
    2164
    2187
    2238
    2113
    2128
    2071
    2084
    2062
    1971
    2052
    2078
    1942
    2014
    2113
    1982
    1995
    1950
    1942
    2016
    1929
    1977
    1935
    1901
    1967
    1875
    1938
    1826
    1872
    1874
    1863
    1854
    1832
    1834
    1891
    1795
    1769
    1753
    1833
    1721
    1747
    1759
    1737
    1720
    1680
    1657
    1726
    1709
    1657
    1684
    1768
    1641
    1650
    1713
    1643
    1637
    1682
    1671
    1667
    1632
    1630
    1634
    1584
    1563
    1653
    1570
    1617
    1630
    1617
    1604
    1588
    1674
    1551
    1564
    1584
    1560
    1523
    1536
    1509
    1567
    1551
    1547
    1530
    1565
    1553
    1550
    1512
    1527
    1535
    1519
    1559
    1531
    1594
    1560
    1485
    1527
    1549
    1508
    1513
    1512
    1538
    1505
    1451
    1515
    1520
    1483
    1471
    1514
    1524
    1459
    1475
    1541
    1470
    1425
    1475
    1492
    1519
    1530
    1452
    1517
    1493
    1412
    1518
    1467
    1417
    1541
    1475
    1496
    1490
    1456
    1401
    1529
    1396
    1479
    1449
    1419
    1410
    1499
    1469
    1488
    1477
    1417
    1459
    1397
    1384
    1450
    1474
    1386
    1450
    1368
    1431
    1469
    1444
    1415
    1446
    1364
    1455
    1493
    1399
    1407
    1472
    1391
    1402
    1424
    1424
    1400
    1444
    1404
    1402
    1489
    1430
    1415
    1419
    1428
    1400
    1374
    1392
    1365
    1436
    1363
    1469
    1369
    1406
    1419
    1467
    1387
    1453
    1400
    1335
    1392
    1428
    1435
    1343
    1399
    1398
    1408
    1432
    1355
    1334
    1288
    1339
    1388
    1388
    1328
    1344
    1438
    1368
    1373
    1365
    1351
    1394
    1362
    1373
    1322
    1332
    1324
    1321
    1319
    1331
    1235
    1291
    1301
    1355
    1273
    1363
    1347
    1423
    1288
    1374
    1317
    1327
    1293
    1295
    1385
    1359
    1282
    1314
    1290
    1319
    1330
    1281
    1337
    1301
    1344
    1302
    1271
    1358
    1240
    1276
    1284
    1281
    1302
    1241
    1312
    1300
    1270
    1266
    1291
    1260
    1335
    1325
    1302
    1243
    1233
    1296
    1267
    1284
    1227
    1267
    1249
    1313
    1254
    1282
    1292
    1331
    1274
    1278
    1275
    1323
    1221
    1265
    1292
    1201
    1286
    1304
    1273
    1271
    1262
    1182
    1267
    1276
    1274
    1251
    1238
    1214
    1268
    1263
    1194
    1204
    1250
    1269
    1260
    1209
    1263
    1250
    1312
    1208
    1297
    1295
    1294
    1238
    1286
    1274
    1259
    1221
    1240
    1252
    1255
    1246
    1274
    1174
    1192
    1253
    1244
    1191
    1168
    1254
    1184
    1190
    1184
    1269
    1231
    1237
    1235
    1217
    1255
    1214
    1226
    1178
    1246
    1222
    1232
    1199
    1212
    1199
    1233
    1204
    1265
    1219
    1230
    1249
    1170
    1271
    1203
    1237
    1143
    1249
    1202
    1255
    1207
    1199
    1248
    1175
    1169
    1187
    1138
    1226
    1204
    1193
    1223
    1239
    1195
    1197
    1173
    1127
    1199
    1286
    1162
    1236
    1196
    1194
    1183
    1257
    1173
    1201
    1182
    1220
    1170
    1223
    1207
    1216
    1187
    1178
    1220
    1208
    1205
    1214
    1191
    1173
    1203
    1208
    1104
    1163
    1152
    1194
    1192
    1112
    1152
    1161
    1247
    1249
    1181
    1176
    1174
    1130
    1162
    1198
    1187
    1150
    1168
    1218
    1207
    1193
    1150
    1192
    1175
    1132
    1161
    1173
    1185
    1128
    1181
    1207
    1214
    1192
    1223
    1188
    1202
    1202
    1211
    1183
    1159
    1204
    1163
    1134
    1139
    1204
    1138
    1175
    1148
    1165
    1236
    1148
    1178
    1156
    1107
    1153
    1101
    1133
    1119
    1170
    1129
    1131
    1128
    1179
    1187
    1089
    1205
    1166
    1170
    1192
    1203
    1198
    1097
    1212
    1127
    1152
    1141
    1188
    1213
    1186
    1136
    1147
    1182
    1116
    1191
    1203
    1147
    1122
    1189
    1207
    1160
    1232
    1138
    1178
    1221
    1165
    1152
    1146
    1177
    1162
    1185
    1171
    1233
    1161
    1201
    1207
    1164
    1180
    1225
    1230
    1203
    1197
    1237
    1189
    1214
    1243
    1201
    1169
    1226
    1132
    1150
    1193
    1185
    1161
    1196
    1215
    1186
    1190
    1229
    1202
    1187
    1249
    1210
    1266
    1185
    1197
    1225
    1239
    1189
    1160
    1167
    1217
    1217
    1298
    1223
    1175
    1231
    1223
    1151
    1203
    1208
    1173
    1288
    1296
    1234
    1292
    1230
    1261
    1255
    1281
    1258
    1196
    1250
    1260
    1252
    1261
    1254
    1212
    1249
    1249
    1281
    1237
    1223
    1273
    1276
    1245
    1215
    1274
    1295
    1237
    1271
    1293
    1222
    1223
    1288
    1210
    1226
    1299
    1242
    1337
    1266
    1307
    1335
    1212
    1257
    1314
    1299
    1284
    1267
    1276
    1354
    1295
    1286
    1225
    1244
    1222
    1257
    1262
    1239
    1246
    1308
    1217
    1325
    1245
    1220
    1302
    1322
    1302
    1260
    1239
    1261
    1225
    1259
    1271
    1280
    1292
    1293
    1210
    1285
    1238
    1249
    1219
    1312
    1210
    1198
    1216
    1256
    1228
    1233
    1259
    1222
    1206
    1230
    1217
    1258
    1255
    1168
    1235
    1232
    1218
    1233
    1230
    1230
    1245
    1181
    1239
    1231
    1159
    1241
    1266
    1215
    1258
    1169
    1185
    1196
    1256
    1202
    1153
    1216
    1150
    1170
    1172
    1149
    1167
    1170
    1145
    1183
    1175
    1184
    1165
    1129
    1216
    1171
    1158
    1143
    1173
    1111
    1158
    1184
    1125
    1136
    1109
    1123
    1092
    1127
    1099
    1153
    1050
    1099
    1165
    1148
    1117
    1087
    1056
    1124
    1151
    1021
    1067
    1050
    1102
    1037
    1113
    1009
    1032
    1063
    1047
    1020
    1055
    1040
    1040
    1045
    1040
    1060
    1043
    1060
    1031
    1037
    1037
    1018
    1045
     996
    1033
    1009
     946
     975
    1035
     989
    1001
     943
    1015
     960
     939
     984
     992
     907
     961
    1026
     960
     969
    1019
     960
     982
     935
     921
     895
     956
     928
     949
     976
     962
     974
     896
     949
     952
    1003
     887
     956
     928
     968
     976
     943
     978
     932
     949
     970
     938
     972
     960
    1001
     973
     938
     952
     920
     940
     956
     969
     957
     980
     917
     914
     968
     938
     941
     970
     939
     951
     891
     992
     949
     915
     863
     899
     929
     935
     907
     969
    1010
     898
     911
     904
     933
     923
     900
     906
     962
     967
     994
     928
     947
     971
     921
     902
     960
     953
     984
     970
     967
     930
     976
     939
    1011
     947
     922
     937
     925
     980
     945
     991
     897
     923
     974
     965
     962
     960
     974
     961
     975
     987
     950
     943
     990
     920
     975
     984
     971
     931
    1025
     940
    1029
     989
    1002
    1037
    1002
    1008
     996
    1011
    1021
    1041
     994
     963
    1022
     989
    1016
    1004
    1018
    1065
     968
    1031
    1062
    1059
    1096
    1067
    1073
    1075
    1092
    1035
    1083
    1091
    1029
    1088
    1031
    1075
    1085
    1083
    1043
    1106
    1077
    1090
    1134
    1105
    1047
    1093
    1116
    1075
    1100
    1150
    1124
    1137
    1104
    1064
    1068
    1119
    1136
    1155
    1102
    1154
    1183
    1155
    1103
    1142
    1147
    1167
    1186
    1123
    1145
    1194
    1168
    1208
    1207
    1144
    1215
    1199
    1207
    1226
    1242
    1173
    1238
    1155
    1163
    1248
    1197
    1204
    1216
    1211
    1294
    1292
    1236
    1249
    1265
    1283
    1281
    1250
    1312
    1310
    1327
    1252
    1312
    1315
    1363
    1266
    1378
    1256
    1292
    1319
    1272
    1317
    1210
    1282
    1294
    1298
    1315
    1316
    1262
    1341
    1373
    1336
    1314
    1338
    1378
    1341
    1381
    1310
    1402
    1343
    1372
    1309
    1319
    1406
    1456
    1388
    1367
    1399
    1334
    1400
    1366
    1347
    1386
    1390
    1387
    1385
    1407
    1427
    1409
    1395
    1360
    1466
    1403
    1350
    1407
    1445
    1464
    1388
    1420
    1405
    1392
    1387
    1367
    1429
    1435
    1445
    1391
    1409
    1391
    1416
    1343
    1428
    1437
    1383
    1434
    1399
    1483
    1407
    1371
    1417
    1402
    1426
    1426
    1488
    1393
    1390
    1458
    1395
    1376
    1385
    1402
    1436
    1510
    1407
    1440
    1414
    1378
    1401
    1368
    1384
    1441
    1367
    1425
    1443
    1389
    1450
    1444
    1365
    1369
    1368
    1471
    1391
    1337
    1335
    1379
    1379
    1361
    1354
    1378
    1383
    1245
    1361
    1294
    1341
    1361
    1330
    1288
    1369
    1202
    1328
    1280
    1294
    1271
    1298
    1355
    1251
    1298
    1249
    1249
    1238
    1277
    1252
    1192
    1171
    1223
    1249
    1256
    1236
    1255
    1295
    1207
    1157
    1200
    1237
    1230
    1198
    1204
    1186
    1146
    1180
    1184
    1159
    1131
    1198
    1192
    1173
    1152
    1154
    1095
    1123
    1069
    1112
    1079
    1111
    1109
    1113
    1106
    1089
    1040
    1045
    1121
    1050
    1115
    1024
    1034
    1090
    1000
    1065
    1052
    1027
    1086
    1040
    1000
     960
     986
    1023
    1021
    1047
    1020
    1026
    1022
     999
     992
     948
     897
    1020
    1018
     973
     931
     968
     958
     924
     954
     976
     942
     937
     941
     895
     930
     881
     899
     879
     960
     942
     875
     883
     845
     978
     864
     874
     932
     979
     892
     943
     917
     954
     902
     917
     892
     918
     874
     919
     910
     843
     911
     919
     858
     938
     882
     879
     889
     888
     935
     916
     817
     854
     889
     885
     872
     913
     879
     855
     885
     872
     820
     848
     879
     873
     897
     871
     885
     806
     848
     840
     846
     878
     842
     903
     875
     855
     841
     850
     828
     891
     874
     888
     775
     851
     908
     872
     861
     882
     857
     894
     838
     898
     831
     877
     866
     823
     906
     851
     854
     868
     854
     846
     856
     848
     843
     882
     834
     832
     832
     843
     826
     865
     821
     848
     847
     857
     846
     826
     888
     867
     862
     859
     830
     857
     776
     856
     826
     805
     853
     838
     855
     835
     789
     812
     829
     840
     817
     823
     788
     853
     807
     871
     797
     841
     794
     829
     839
     790
     822
     806
     816
     808
     862
     802
     780
     744
     809
     808
     791
     777
     811
     749
     825
     836
     770
     768
     776
     808
     798
     787
     765
     761
     797
     742
     775
     780
     826
     795
     766
     777
     774
     767
     787
     729
     761
     706
     730
     759
     746
     798
     774
     702
     755
     759
     692
     681
     788
     702
     711
     718
     733
     732
     724
     695
     687
     722
     683
     774
     670
     704
     685
     686
     680
     710
     677
     722
     694
     662
     705
     709
     661
     710
     709
     676
     734
     679
     702
     695
     681
     663
     689
     629
     678
     667
     711
     679
     687
     680
     682
     680
     654
     676
     676
     660
     662
     658
     645
     620
     638
     646
     670
     697
     670
     684
     670
     656
     654
     665
     644
     639
     635
     627
     655
     666
     660
     650
     625
     631
     627
     657
     633
     628
     620
     664
     699
     662
     654
     618
     641
     585
     640
     635
     626
     642
     628
     633
     592
     618
     647
     664
     654
     665
     682
     614
     626
     615
     635
     650
     629
     660
     658
     650
     618
     634
     601
     644
     619
     661
     631
     614
     619
     615
     629
     641
     623
     628
     636
     664
     661
     572
     644
     615
     621
     626
     574
     658
     591
     634
     617
     613
     601
     638
     665
     694
     630
     639
     617
     640
     617
     646
     628
     616
     631
     603
     602
     572
     624
     636
     621
     612
     581
     648
     623
     625
     599
     602
     570
     610
     608
     601
     613
     635
     631
     620
     601
     602
     633
     592
     584
     645
     617
     591
     628
     625
     622
     592
     614
     598
     606
     595
     569
     608
     678
     580
     620
     622
     628
     579
     577
     635
     610
     682
     584
     633
     584
     565
     585
     577
     595
     614
     604
     647
     588
     593
     570
     616
     606
     617
     577
     595
     589
     594
     639
     584
     566
     585
     630
     602
     562
     628
     625
     577
     573
     579
     596
     625
     616
     556
     602
     568
     606
     651
     630
     591
     580
     587
     620
     597
     602
     601
     637
     598
     601
     626
     612
     595
     582
     599
     631
     593
     575
     603
     611
     642
     576
     579
     610
     621
     613
     611
     628
     600
     635
     595
     639
     583
     571
     623
     562
     594
     619
     612
     578
     605
     571
     576
     630
     595
     589
     593
     579
     612
     614
     582
     637
     600
     580
     579
     593
     598
     563
     591
     601
     580
     586
     615
     608
     616
     588
     601
     613
     601
     608
     594
     597
     608
     613
     631
     582
     582
     593
     604
     645
     596
     601
     617
     610
     615
     596
     634
     578
     643
     584
     550
     648
     583
     634
     574
     575
     630
     622
     613
     596
     564
     583
     608
     601
     632
     671
     608
     591
     611
     584
     598
     627
     621
     596
     558
     579
     608
     595
     616
     607
     611
     579
     593
     605
     572
     592
     616
     600
     569
     597
     574
     586
     605
     575
     590
     586
     543
     552
     596
     540
     607
     591
     611
     624
     557
     585
     608
     608
     592
     612
     579
     591
     547
     543
     572
     599
     589
     587
     568
     567
     574
     597
     579
     543
     543
     593
     569
     626
     577
     570
     573
     590
     595
     618
     567
     590
     555
     577
     586
     579
     527
     589
     538
     546
     585
     571
     581
     546
     569
     618
     557
     573
     593
     566
     583
     533
     575
     590
     545
     545
     602
     579
     603
     603
     582
     582
     555
     600
     598
     555
     567
     541
     597
     545
     607
     574
     542
     594
     596
     561
     499
     583
     569
     549
     552
     524
     542
     569
     587
     540
     545
     534
     539
     519
     596
     521
     541
     585
     555
     558
     551
     565
     525
     510
     522
     569
     511
     503
     585
     518
     476
     534
     562
     517
     542
     530
     526
     519
     551
     544
     530
     527
     507
     553
     519
     498
     524
     542
     534
     507
     538
     531
     505
     542
     496
     517
     550
     495
     504
     510
     554
     528
     495
     502
     512
     531
     520
     525
     487
     499
     561
     544
     535
     510
     563
     571
     523
     501
     519
     512
     512
     490
     502
     497
     534
     485
     509
     480
     551
     527
     471
     499
     507
     488
     550
     498
     517
     486
     482
     476
     538
     508
     500
     511
     544
     556
     497
     532
     531
     537
     484
     503
     502
     472
     490
     501
     527
     524
     459
     525
     516
     531
     481
     518
     503
     533
     517
     495
     511
     488
     517
     493
     492
     490
     484
     540
     495
     486
     544
     522
     506
     479
     524
     458
     518
     483
     459
     479
     501
     494
     516
     554
     485
     493
     522
     493
     510
     501
     521
     525
     497
     484
     499
     493
     512
     439
     501
     478
     492
     469
     438
     497
     462
     451
     499
     513
     503
     469
     466
     496
     510
     508
     480
     490
     549
     491
     522
     495
     512
     478
     530
     476
     527
     541
     505
     472
     499
     506
     486
     504
     476
     526
     480
     561
     471
     485
     483
     479
     503
     514
     489
     520
     533
     504
     477
     516
     522
     505
     485
     506
     498
     491
     511
     482
     454
     520
     508
     516
     492
     432
     510
     526
     528
     516
     466
     489
     492
     506
     508
     524
     496
     479
     503
     509
     480
     494
     530
     491
     508
     513
     514
     469
     486
     434
     490
     468
     501
     510
     482
     506
     471
     493
     484
     515
     496
     487
     516
     465
     484
     485
     496
     515
     466
     485
     487
     474
     499
     523
     518
     509
     489
     495
     466
     477
     527
     491
     502
     480
     494
     510
     528
     527
     533
     474
     472
     521
     507
     492
     437
     523
     492
     460
     487
     502
     518
     511
     527
     502
     491
     508
     463
     526
     476
     482
     492
     484
     487
     497
     499
     488
     474
     477
     488
     458
     475
     443
     482
     486
     456
     516
     488
     459
     462
     460
     500
     476
     496
     488
     522
     467
     488
     485
     442
     498
     478
     482
     495
     488
     479
     482
     500
     501
     492
     514
     503
     510
     489
     543
     476
     482
     496
     509
     510
     455
     483
     495
     458
     447
     488
     495
     492
     502
     528
     463
     493
     495
     470
     505
     499
     490
     532
     513
     501
     488
     449
     472
     498
     498
     455
     514
     493
     473
     490
     549
     509
     510
     490
     478
     497
     517
     524
     447
     516
     494
     460
     526
     506
     519
     477
     497
     515
     490
     516
     518
     483
     510
     518
     470
     501
     512
     557
     490
     558
     512
     479
     508
     490
     517
     503
     488
     503
     486
     520
     501
     513
     517
     497
     465
     540
     512
     519
     523
     502
     529
     499
     508
     509
     494
     525
     517
     486
     460
     513
     505
     517
     510
     510
     534
     522
     481
     532
     505
     484
     499
     495
     495
     487
     517
     491
     516
     481
     532
     476
     488
     488
     530
     521
     491
     508
     498
     537
     498
     519
     518
     534
     497
     528
     531
     534
     565
     498
     506
     541
     492
     524
     516
     501
     497
     540
     513
     497
     512
     471
     484
     529
     499
     521
     534
     509
     486
     506
     525
     519
     522
     550
     519
     501
     505
     521
     512
     575
     532
     531
     504
     530
     528
     567
     558
     527
     527
     520
     499
     530
     520
     529
     507
     543
     517
     587
     536
     476
     517
     502
     526
     537
     548
     558
     518
     512
     560
     514
     513
     524
     500
     539
     553
     540
     552
     543
     486
     521
     563
     568
     534
     530
     523
     532
     521
     546
     579
     524
     505
     563
     588
     523
     536
     512
     487
     491
     532
     531
     502
     502
     523
     500
     526
     502
     531
     523
     548
     517
     587
     536
     545
     545
     542
     502
     521
     537
     562
     551
     564
     538
     496
     554
     501
     534
     523
     536
     534
     510
     526
     509
     511
     490
     516
     528
     557
     517
     550
     519
     507
     491
     518
     516
     517
     474
     525
     510
     531
     491
     503
     493
     493
     508
     506
     518
     522
     495
     500
     515
     465
     534
     500
     540
     485
     511
     515
     476
     497
     507
     518
     520
     524
     523
     493
     520
     476
     498
     484
     488
     492
     496
     507
     508
     517
     542
     510
     500
     487
     474
     547
     510
     479
     502
     519
     488
     509
     493
     482
     505
     485
     472
     518
     505
     475
     513
     502
     531
     507
     501
     527
     500
     498
     492
     515
     510
     509
     489
     526
     483
     507
     500
     492
     506
     444
     524
     472
     500
     476
     493
     513
     500
     514
     513
     504
     462
     481
     469
     490
     443
     497
     512
     478
     509
     501
     496
     504
     483
     491
     455
     464
     459
     498
     490
     496
     489
     486
     478
     516
     499
     484
     487
     462
     457
     516
     539
     487
     497
     452
     452
     482
     461
     484
     497
     467
     505
     470
     463
     474
     485
     478
     477
     471
     490
     524
     487
     466
     467
     469
     428
     477
     444
     497
     462
     525
     489
     505
     512
     507
     467
     509
     481
     495
     469
     489
     460
     506
     446
     453
     491
     455
     500
     486
     478
     485
     483
     458
     461
     473
     469
     462
     495
     461
     505
     459
     485
     468
     488
     503
     468
     480
     444
     447
     454
     453
     517
     460
     467
     442
     495
     476
     475
     478
     466
     415
     480
     465
     475
     460
     468
     453
     422
     428
     434
     410
     458
     481
     441
     466
     479
     492
     433
     446
     443
     428
     437
     463
     461
     456
     432
     437
     486
     447
     416
     428
     431
     441
     412
     427
     440
     437
     429
     405
     451
     450
     446
     410
     395
     453
     430
     455
     450
     422
     438
     407
     421
     456
     444
     440
     423
     420
     441
     445
     458
     443
     401
     412
     421
     400
     377
     428
     390
     394
     448
     441
     428
     413
     399
     391
     440
     374
     408
     419
     406
     420
     388
     406
     400
     402
     410
     385
     417
     413
     397
     389
     413
     445
     404
     419
     387
     374
     372
     387
     391
     398
     408
     403
     381
     401
     417
     366
     388
     392
     402
     433
     399
     381
     414
     385
     419
     403
     422
     374
     380
     368
     399
     400
     371
     413
     414
     396
     403
     392
     389
     387
     417
     393
     369
     349
     398
     402
     387
     401
     384
     372
     361
     396
     377
     397
     408
     378
     407
     365
     431
     371
     397
     379
     371
     415
     377
     385
     377
     401
     385
     381
     393
     365
     404
     381
     406
     359
     369
     373
     398
     384
     390
     402
     359
     393
     390
     395
     377
     408
     404
     361
     398
     377
     363
     351
     376
     386
     344
     362
     383
     376
     364
     372
     382
     425
     346
     358
     374
     408
     416
     374
     371
     391
     332
     357
     361
     369
     358
     366
     356
     369
     343
     377
     383
     370
     375
     383
     358
     421
     374
     360
     343
     384
     357
     384
     376
     329
     373
     365
     386
     384
     388
     380
     388
     388
     374
     360
     347
     361
     373
     401
     366
     392
     391
     371
     391
     407
     375
     362
     395
     357
     371
     398
     401
     390
     354
     366
     359
     342
     382
     373
     346
     369
     395
     359
     338
     394
     397
     359
     403
     398
     395
     348
     383
     366
     409
     407
     347
     385
     349
     366
     356
     402
     396
     384
     385
     378
     330
     338
     372
     381
     374
     363
     337
     372
     376
     365
     334
     375
     399
     340
     378
     392
     401
     406
     353
     357
     352
     370
     396
     365
     416
     363
     378
     363
     377
     357
     395
     367
     362
     383
     371
     396
     359
     386
     366
     372
     399
     419
     386
     350
     384
     388
     357
     394
     365
     384
     369
     351
     370
     426
     416
     398
     356
     402
     394
     372
     388
     323
     357
     370
     346
     358
     367
     402
     391
     387
     402
     414
     425
     378
     371
     337
     373
     407
     372
     404
     378
     403
     404
     353
     395
     354
     407
     376
     371
     357
     407
     392
     411
     375
     396
     394
     353
     412
     337
     414
     418
     398
     395
     427
     415
     385
     399
     398
     396
     370
     413
     390
     420
     386
     353
     409
     369
     412
     384
     406
     365
     426
     403
     424
     360
     410
     397
     398
     399
     357
     380
     419
     378
     374
     433
     384
     404
     360
     427
     403
     416
     390
     418
     423
     395
     444
     419
     393
     408
     417
     416
     402
     396
     382
     406
     402
     415
     398
     437
     431
     401
     439
     435
     412
     460
     415
     421
     403
     424
     418
     406
     406
     464
     402
     401
     443
     456
     400
     440
     428
     427
     429
     425
     458
     447
     463
     420
     461
     418
     432
     435
     433
     426
     407
     425
     384
     435
     431
     425
     453
     457
     429
     417
     434
     412
     458
     436
     458
     424
     467
     440
     448
     453
     452
     413
     473
     498
     469
     432
     459
     430
     442
     434
     470
     431
     485
     465
     467
     450
     434
     413
     464
     477
     479
     481
     463
     438
     426
     464
     465
     426
     419
     456
     469
     476
     438
     435
     462
     470
     491
     463
     477
     454
     441
     458
     477
     433
     510
     470
     513
     451
     435
     436
     464
     465
     497
     470
     447
     428
     496
     503
     461
     441
     472
     433
     488
     472
     459
     454
     482
     449
     506
     443
     465
     459
     445
     491
     466
     511
     484
     459
     464
     470
     447
     441
     479
     462
     477
     454
     443
     447
     487
     463
     464
     479
     467
     450
     516
     450
     494
     472
     498
     469
     484
     458
     497
     450
     461
     441
     490
     459
     439
     459
     440
     496
     484
     448
     471
     453
     437
     440
     482
     498
     496
     487
     436
     447
     435
     451
     461
     466
     466
     466
     485
     442
     480
     454
     487
     480
     469
     451
     458
     444
     482
     450
     478
     471
     451
     463
     460
     463
     485
     479
     427
     463
     500
     455
     441
     502
     471
     467
     467
     450
     470
     439
     445
     441
     446
     422
     456
     492
     411
     462
     450
     402
     476
     449
     473
     402
     446
     439
     443
     450
     428
     447
     448
     439
     404
     425
     451
     415
     412
     447
     465
     417
     452
     407
     398
     421
     455
     458
     427
     396
     436
     440
     407
     446
     413
     417
     434
     421
     437
     410
     478
     378
     415
     419
     454
     409
     399
     413
     413
     381
     372
     402
     405
     401
     432
     404
     387
     395
     405
     399
     384
     413
     373
     355
     398
     390
     406
     426
     422
     394
     385
     394
     385
     404
     386
     403
     388
     402
     391
     420
     372
     379
     418
     390
     395
     339
     394
     404
     387
     391
     390
     386
     353
     394
     394
     340
     423
     371
     352
     428
     397
     380
     377
     373
     356
     377
     352
     341
     359
     355
     385
     365
     387
     321
     372
     334
     392
     360
     382
     376
     355
     392
     395
     344
     354
     351
     363
     376
     354
     378
     367
     372
     381
     349
     372
     398
     378
     346
     364
     343
     347
     373
     320
     343
     357
     363
     361
     350
     367
     361
     366
     325
     333
     343
     314
     366
     337
     352
     346
     360
     334
     345
     337
     391
     363
     321
     320
     315
     324
     352
     328
     339
     346
     319
     338
     396
     353
     351
     350
     326
     341
     340
     320
     335
     344
     339
     333
     330
     321
     330
     355
     314
     351
     343
     342
     341
     344
     369
     346
     327
     323
     327
     347
     331
     313
     340
     311
     332
     330
     325
     326
     327
     339
     340
     281
     303
     342
     328
     372
     324
     363
     350
     311
     326
     372
     333
     332
     334
     324
     299
     341
     313
     349
     319
     296
     335
     354
     330
     374
     369
     418
     394
     415
     433
     497
     539
     587
     702
     737
     950
    1060
    1260
    1454
    1708
    1954
    2294
    2626
    3060
    3416
    3940
    4363
    4792
    5244
    5864
    6146
    6508
    6905
    7127
    7549
    7791
    8054
    8093
    8119
    8239
    7997
    7935
    7884
    7715
    7380
    7402
    7122
    6859
    6489
    6152
    5903
    5477
    5291
    4973
    4682
    4525
    3982
    3754
    3452
    3268
    3038
    2857
    2667
    2308
    2226
    2007
    1888
    1790
    1612
    1542
    1495
    1306
    1204
    1162
    1123
    1051
    1002
     943
     916
     929
     893
     885
     809
     817
     838
     812
     797
     765
     741
     760
     720
     720
     726
     723
     703
     688
     721
     723
     658
     682
     658
     693
     643
     647
     669
     644
     603
     624
     700
     653
     650
     620
     625
     654
     666
     628
     632
     668
     636
     634
     598
     633
     601
     611
     588
     580
     621
     625
     643
     585
     609
     558
     538
     574
     558
     540
     539
     617
     570
     547
     544
     578
     568
     583
     530
     566
     544
     558
     542
     557
     577
     548
     486
     548
     569
     508
     560
     550
     535
     534
     567
     545
     535
     562
     516
     545
     522
     506
     539
     488
     539
     532
     527
     527
     517
     508
     534
     479
     482
     530
     499
     522
     502
     500
     529
     484
     524
     497
     523
     453
     501
     510
     501
     487
     481
     479
     495
     509
     480
     451
     480
     485
     482
     467
     455
     474
     475
     466
     482
     475
     464
     452
     453
     481
     500
     465
     514
     468
     505
     461
     439
     512
     472
     420
     492
     496
     484
     434
     454
     464
     488
     454
     411
     445
     485
     427
     428
     420
     484
     444
     455
     461
     446
     449
     477
     452
     461
     452
     485
     416
     466
     440
     406
     475
     468
     437
     465
     445
     430
     442
     438
     434
     474
     393
     453
     413
     415
     439
     430
     426
     433
     442
     427
     393
     441
     384
     407
     417
     449
     400
     475
     402
     411
     417
     424
     442
     426
     457
     438
     417
     443
     440
     397
     423
     449
     412
     425
     436
     399
     448
     438
     405
     437
     411
     381
     468
     426
     419
     403
     399
     381
     397
     434
     395
     406
     389
     401
     395
     399
     418
     384
     406
     410
     420
     402
     420
     396
     394
     362
     414
     394
     426
     427
     390
     417
     420
     366
     387
     367
     406
     393
     389
     383
     406
     407
     357
     385
     393
     387
     407
     387
     395
     367
     403
     423
     381
     363
     416
     394
     375
     381
     391
     373
     383
     372
     416
     386
     356
     365
     376
     372
     379
     368
     416
     391
     364
     387
     365
     388
     363
     382
     329
     391
     343
     423
     376
     399
     367
     375
     402
     381
     325
     374
     349
     373
     360
     370
     364
     414
     383
     349
     384
     350
     414
     381
     336
     417
     379
     367
     386
     338
     376
     340
     362
     368
     374
     398
     337
     343
     396
     333
     353
     354
     330
     369
     374
     312
     341
     349
     348
     336
     331
     346
     342
     344
     351
     372
     336
     362
     366
     355
     342
     320
     343
     344
     368
     373
     344
     357
     355
     362
     328
     377
     338
     364
     356
     338
     319
     377
     373
     355
     331
     375
     355
     346
     382
     324
     326
     361
     330
     391
     360
     332
     351
     363
     356
     345
     348
     351
     344
     349
     349
     344
     373
     331
     351
     352
     340
     368
     338
     348
     353
     350
     358
     362
     347
     352
     310
     331
     375
     354
     342
     363
     350
     335
     330
     378
     357
     349
     339
     351
     314
     334
     330
     370
     365
     323
     349
     343
     306
     300
     331
     346
     351
     345
     354
     337
     328
     312
     333
     352
     354
     329
     353
     326
     334
     329
     353
     347
     323
     332
     360
     346
     336
     332
     358
     363
     344
     349
     351
     358
     352
     365
     365
     346
     343
     379
     360
     356
     355
     370
     362
     344
     350
     336
     321
     360
     375
     370
     311
     383
     366
     332
     336
     357
     379
     360
     362
     373
     367
     362
     349
     328
     359
     339
     367
     376
     384
     364
     396
     349
     374
     365
     360
     341
     377
     349
     320
     370
     352
     405
     373
     391
     354
     384
     367
     377
     374
     395
     394
     394
     345
     398
     336
     385
     356
     355
     377
     324
     384
     363
     399
     351
     373
     354
     389
     397
     350
     391
     398
     360
     357
     392
     411
     376
     413
     371
     379
     375
     361
     419
     410
     393
     384
     406
     438
     397
     378
     382
     377
     370
     427
     376
     375
     384
     395
     396
     383
     383
     381
     409
     405
     371
     380
     381
     400
     454
     382
     400
     435
     401
     424
     379
     387
     405
     444
     414
     410
     378
     444
     417
     398
     413
     427
     383
     362
     400
     429
     393
     391
     413
     394
     408
     403
     419
     394
     439
     431
     417
     420
     466
     439
     421
     407
     425
     413
     422
     431
     413
     451
     445
     435
     437
     429
     432
     447
     419
     439
     410
     424
     418
     429
     419
     440
     403
     415
     455
     460
     413
     420
     420
     464
     458
     429
     387
     453
     486
     457
     432
     429
     423
     450
     437
     435
     424
     502
     458
     439
     427
     445
     488
     442
     426
     452
     494
     450
     453
     427
     478
     453
     485
     459
     498
     469
     470
     515
     467
     472
     491
     475
     520
     482
     462
     529
     490
     514
     465
     481
     493
     493
     454
     527
     484
     497
     517
     487
     459
     503
     547
     521
     516
     487
     487
     443
     517
     492
     487
     514
     476
     514
     503
     516
     551
     545
     524
     519
     515
     511
     507
     510
     511
     519
     509
     547
     495
     497
     546
     528
     513
     555
     550
     547
     560
     557
     543
     537
     521
     586
     605
     594
     536
     549
     578
     594
     585
     586
     552
     596
     636
     603
     614
     592
     607
     570
     616
     619
     604
     633
     604
     645
     644
     648
     646
     654
     640
     671
     622
     626
     625
     651
     644
     646
     684
     666
     688
     638
     707
     675
     700
     656
     690
     679
     672
     662
     663
     727
     686
     692
     688
     713
     708
     808
     716
     745
     736
     723
     746
     726
     810
     780
     740
     780
     795
     788
     761
     790
     795
     784
     782
     794
     764
     784
     786
     845
     794
     821
     784
     807
     833
     842
     860
     812
     825
     842
     841
     819
     873
     831
     876
     846
     959
     892
     899
     886
     855
     870
     950
     959
     894
     926
     935
     966
     930
     935
     964
     947
     920
     955
     923
     971
     919
     937
     968
     997
     942
     985
     956
     964
     985
     978
    1011
    1025
    1063
     998
     966
     992
     980
    1015
     951
    1043
    1035
    1004
    1029
    1073
    1016
    1014
    1029
     992
    1015
     989
    1027
    1005
    1052
    1027
    1009
     985
    1029
    1051
    1042
    1012
    1109
    1025
    1085
    1065
    1088
    1036
    1095
    1110
    1083
    1117
    1059
    1098
    1049
    1069
    1041
    1106
    1048
    1074
    1103
    1060
    1057
    1082
    1066
    1087
    1041
    1105
    1036
    1082
    1032
    1059
    1058
    1080
    1038
    1084
    1016
    1088
    1032
    1047
     985
     976
    1048
    1024
    1066
    1080
    1027
    1029
    1022
    1060
    1026
     960
    1042
    1057
    1040
    1008
     976
    1041
     944
     953
     968
    1025
     931
    1051
     953
     987
    1020
     938
     963
     972
     968
     912
     923
     945
     953
     889
     904
     936
     960
     912
     867
     912
     885
     874
     936
     841
     908
     823
     879
     906
     883
     871
     814
     892
     863
     849
     798
     856
     845
     803
     876
     822
     746
     805
     802
     767
     799
     842
     807
     814
     763
     796
     760
     765
     701
     799
     719
     716
     702
     706
     707
     741
     662
     694
     716
     720
     682
     676
     662
     633
     671
     654
     613
     646
     608
     628
     659
     674
     677
     621
     671
     603
     651
     611
     632
     585
     591
     593
     594
     610
     619
     581
     649
     622
     571
     593
     583
     555
     561
     577
     562
     569
     536
     571
     529
     554
     557
     590
     568
     547
     555
     510
     549
     595
     461
     542
     540
     528
     478
     507
     537
     512
     546
     517
     526
     543
     523
     505
     507
     504
     531
     504
     529
     490
     492
     533
     510
     484
     553
     506
     534
     465
     523
     508
     507
     487
     538
     485
     534
     490
     552
     508
     490
     502
     508
     519
     505
     496
     524
     496
     536
     552
     556
     550
     458
     496
     476
     509
     504
     524
     537
     474
     527
     531
     561
     540
     530
     502
     553
     510
     534
     529
     559
     525
     502
     558
     533
     529
     528
     541
     562
     544
     554
     513
     576
     500
     562
     544
     569
     504
     525
     530
     543
     509
     553
     544
     582
     580
     626
     606
     538
     578
     557
     580
     550
     548
     529
     541
     565
     559
     574
     600
     595
     545
     592
     555
     536
     617
     559
     562
     582
     562
     595
     603
     581
     593
     577
     591
     628
     588
     570
     598
     612
     590
     626
     597
     601
     597
     635
     617
     650
     630
     627
     643
     676
     607
     623
     631
     633
     588
     616
     608
     584
     645
     675
     617
     638
     657
     651
     626
     676
     610
     585
     623
     675
     680
     647
     633
     657
     642
     640
     647
     675
     692
     638
     688
     640
     634
     670
     674
     651
     639
     686
     670
     677
     684
     659
     698
     722
     690
     628
     665
     647
     629
     627
     637
     692
     690
     662
     644
     711
     690
     707
     614
     651
     615
     682
     684
     657
     618
     628
     625
     626
     659
     599
     619
     643
     659
     621
     659
     652
     612
     601
     612
     587
     617
     652
     621
     608
     591
     612
     594
     636
     601
     608
     565
     616
     609
     600
     630
     552
     625
     621
     581
     610
     623
     577
     585
     608
     584
     582
     538
     603
     588
     585
     585
     541
     565
     565
     575
     552
     581
     536
     575
     561
     538
     563
     549
     517
     539
     533
     561
     504
     580
     546
     539
     537
     552
     542
     509
     555
     544
     499
     539
     516
     500
     500
     483
     456
     521
     497
     524
     505
     528
     492
     508
     516
     506
     509
     493
     478
     505
     538
     522
     448
     509
     505
     467
     517
     526
     484
     496
     462
     503
     502
     479
     496
     497
     473
     489
     481
     516
     494
     518
     505
     518
     491
     488
     509
     518
     482
     515
     535
     495
     533
     500
     527
     532
     518
     495
     500
     500
     457
     488
     531
     485
     478
     590
     551
     553
     497
     513
     531
     526
     509
     538
     530
     537
     551
     530
     500
     588
     531
     545
     569
     551
     558
     583
     539
     532
     620
     586
     544
     577
     577
     531
     592
     561
     565
     551
     552
     607
     645
     527
     559
     592
     618
     573
     543
     558
     592
     562
     616
     589
     576
     619
     627
     582
     606
     585
     616
     586
     602
     607
     566
     670
     582
     596
     625
     587
     590
     597
     595
     571
     606
     594
     636
     605
     596
     555
     563
     614
     607
     571
     588
     592
     596
     599
     590
     601
     563
     536
     569
     552
     539
     574
     595
     534
     543
     568
     542
     528
     512
     520
     560
     545
     521
     507
     513
     506
     547
     465
     516
     509
     512
     441
     460
     488
     479
     452
     512
     482
     490
     473
     456
     512
     482
     422
     488
     433
     476
     458
     465
     395
     442
     424
     374
     442
     425
     384
     444
     382
     425
     405
     403
     398
     399
     387
     389
     409
     388
     360
     396
     386
     362
     366
     372
     353
     347
     352
     334
     362
     342
     356
     363
     392
     334
     327
     370
     322
     333
     356
     314
     325
     315
     327
     323
     351
     326
     354
     316
     300
     297
     315
     309
     339
     291
     302
     337
     309
     344
     302
     308
     332
     308
     313
     298
     322
     315
     306
     303
     349
     291
     310
     292
     306
     330
     303
     320
     315
     300
     291
     308
     332
     316
     279
     295
     332
     286
     303
     296
     287
     303
     298
     314
     321
     305
     308
     288
     286
     283
     291
     299
     282
     278
     309
     269
     270
     299
     265
     316
     336
     276
     275
     301
     263
     280
     297
     299
     279
     290
     297
     276
     284
     305
     288
     282
     306
     290
     271
     267
     269
     261
     251
     308
     254
     273
     291
     239
     261
     261
     268
     274
     265
     253
     270
     246
     253
     264
     253
     266
     263
     276
     262
     267
     295
     274
     279
     253
     275
     253
     264
     247
     276
     274
     257
     263
     247
     250
     238
     268
     256
     283
     268
     233
     245
     278
     239
     253
     313
     261
     236
     268
     256
     253
     273
     252
     233
     256
     237
     261
     260
     245
     260
     250
     221
     253
     227
     262
     265
     246
     261
     253
     229
     232
     241
     238
     268
     258
     276
     261
     247
     252
     248
     246
     243
     250
     283
     258
     257
     248
     220
     227
     240
     233
     239
     246
     255
     243
     252
     214
     242
     226
     258
     285
     245
     266
     258
     242
     228
     237
     286
     235
     245
     234
     244
     239
     247
     238
     251
     248
     257
     260
     272
     241
     257
     224
     261
     295
     252
     259
     241
     270
     277
     279
     251
     280
     247
     273
     267
     254
     268
     266
     291
     268
     275
     275
     285
     300
     267
     253
     271
     272
     272
     278
     294
     268
     305
     289
     254
     281
     294
     284
     276
     269
     301
     255
     299
     281
     292
     324
     305
     303
     299
     293
     325
     310
     287
     328
     318
     314
     291
     307
     321
     313
     318
     322
     329
     324
     306
     324
     318
     325
     325
     304
     311
     349
     358
     307
     340
     353
     333
     356
     354
     359
     344
     330
     347
     319
     356
     349
     363
     353
     345
     384
     355
     337
     352
     398
     402
     353
     382
     379
     363
     363
     372
     384
     335
     364
     382
     371
     378
     368
     364
     395
     399
     363
     410
     338
     397
     355
     374
     348
     389
     382
     403
     358
     414
     406
     373
     387
     367
     397
     355
     451
     400
     384
     410
     389
     399
     391
     365
     405
     381
     395
     398
     421
     390
     388
     388
     418
     413
     414
     399
     399
     375
     412
     396
     408
     445
     384
     403
     379
     399
     390
     370
     393
     357
     372
     389
     414
     379
     409
     386
     405
     412
     405
     427
     385
     387
     399
     419
     356
     417
     400
     396
     346
     406
     403
     428
     396
     378
     378
     385
     405
     375
     413
     367
     357
     365
     393
     402
     392
     390
     370
     400
     373
     366
     352
     352
     361
     351
     351
     355
     346
     361
     353
     365
     353
     378
     382
     333
     354
     366
     352
     343
     315
     358
     327
     315
     348
     364
     348
     352
     339
     337
     349
     284
     337
     367
     329
     322
     309
     341
     315
     370
     323
     316
     330
     316
     314
     307
     306
     330
     298
     313
     295
     321
     323
     329
     352
     311
     299
     316
     308
     353
     307
     341
     343
     306
     329
     333
     322
     299
     321
     347
     309
     307
     306
     326
     329
     338
     324
     358
     319
     296
     336
     330
     332
     334
     314
     334
     320
     322
     349
     335
     329
     324
     294
     334
     349
     355
     345
     328
     347
     333
     343
     334
     355
     360
     349
     389
     362
     363
     376
     380
     393
     399
     407
     421
     362
     353
     402
     407
     424
     405
     425
     427
     432
     460
     425
     460
     422
     438
     481
     490
     470
     457
     473
     538
     482
     512
     504
     547
     553
     515
     525
     593
     545
     575
     632
     615
     629
     625
     674
     629
     669
     640
     689
     670
     711
     723
     694
     752
     750
     775
     731
     778
     746
     807
     809
     837
     855
     826
     822
     822
     916
     854
     829
     895
     942
     911
     907
     872
     914
     929
     954
     897
     890
     932
     886
     896
     917
     893
     934
     927
     929
     876
     903
     909
     868
     911
     862
     901
     879
     845
     808
     785
     802
     763
     770
     777
     744
     745
     706
     738
     652
     767
     686
     607
     606
     600
     611
     602
     577
     499
     564
     532
     492
     515
     527
     454
     438
     452
     411
     409
     380
     400
     356
     381
     358
     339
     324
     317
     307
     280
     274
     232
     268
     254
     211
     236
     204
     216
     170
     177
     197
     138
     189
     126
     143
     147
     118
     112
     104
     101
      90
      92
      79
      69
      85
      70
      83
      72
      60
      77
      47
      39
      40
      39
      29
      24
      37
      32
      29
      23
      17
      14
      23
      21
      12
      16
      17
      18
      12
      13
      17
      16
      13
      10
       8
       7
       8
       9
       7
       8
       7
       5
       9
       5
       4
       4
       3
       6
       6
       8
       5
       6
       3
       3
       2
       3
       2
       3
       4
       7
       4
       2
       3
       1
       3
       8
       2
       2
       5
       5
       4
       3
       7
       4
       6
       5
       2
       4
       1
       5
       3
       3
       4
       1
       2
       2
       3
       7
       6
       2
       1
       5
       3
       2
       3
       1
       3
       4
       3
       6
       2
       7
       4
       5
       2
       2
       2
       2
       2
       3
       2
       3
       5
       3
       3
       3
       3
       3
       2
       6
       1
       0
       6
       4
       8
       2
       6
       3
       2
       1
       2
       2
       3
       1
       5
       7
       0
       5
       3
       5
       3
       2
       4
       5
       4
      11
       9
       2
       3
       4
       3
       2
       3
       1
       2
       3
       0
       4
       3
       7
       1
       2
       2
       3
       3
       2
       2
       9
       2
       0
       2
       1
       1
       8
       1
       5
       4
       3
       2
       1
       4
       1
       4
       3
       4
       2
       3
       2
       5
       2
       1
       1
       0
       3
       2
       1
       4
       3
       1
       1
       1
       0
       3
       5
       4
       2
       6
       3
       1
       8
       2
       4
       4
       0
       2
       3
       0
       4
       2
       1
       2
       3
       3
       3
       1
       2
       3
       1
       1
       1
       4
       4
       1
       3
       3
       1
       2
       3
       6
       3
       3
       5
       1
       4
       4
       2
       2
       3
       6
       3
       3
       1
       1
       1
       5
       2
       2
       7
       1
       3
       1
       0
       3
       2
       4
       1
       2
       1
       4
       1
       1
       1
       2
       3
       5
       0
       4
       4
       1
       3
       2
       3
       3
       4
       2
       3
       3
       0
       1
       2
       2
       2
       2
       2
       0
       2
       0
       2
       3
       2
       4
       6
       2
       2
       1
       1
       1
       2
       1
       4
       5
       2
       1
       1
       2
       2
       2
       1
       3
       2
       6
       2
       2
       2
       4
       2
       4
       0
       1
       3
       0
       2
       1
       1
       3
       3
       0
       0
       3
       2
       4
       3
       1
       1
       4
       1
       1
       1
       2
       1
       2
       1
       2
       0
       2
       5
       2
       2
       3
       1
       2
       2
       4
       3
       0
       0
       0
       0
       4
       1
       3
       1
       0
       0
       2
       2
       2
       1
       2
       0
       1
       1
       0
       2
       2
       1
       2
       3
       2
       4
       0
       0
       1
       0
       2
       0
       0
       0
       0
       3
       1
       1
       1
       2
       0
       1
       0
       0
       1
       1
       1
       1
       3
       0
       0
       1
       1
       0
       1
       1
       2
       0
       0
       1
       1
       0
       0
       2
       2
       0
       1
       0
       0
       0
       0
       3
       1
       2
       0
       1
       1
       1
       0
       2
       1
       2
       1
       0
       2
       0
       1
       1
       1
       2
       1
       1
       1
       0
       1
       1
       0
       1
       1
       2
       0
       0
       0
       1
       0
       3
       0
       1
       0
       1
       0
       3
       6
       4
       5
       7
       7
       4
       4
       6
       3
       3
      11
      10
       5
       9
       9
       3
       7
       0
       9
       4
       4
       5
       4
       2
       9
       2
       3
       7
      11
       6
       5
       9
       6
       4
       4
       5
       3
       5
       3
       5
       4
       5
       2
       6
       8
       7
       3
       3
       8
       6
       7
       6
       1
       4
       5
       4
       9
       7
       5
       3
       6
      11
       4
       1
       4
       6
       8
      10
       6
       2
       2
       3
       3
       6
       4
       3
       7
       3
       3
       2
       7
       4
       3
       8
       5
       3
       2
       6
       6
       3
       5
       5
       6
       1
       6
       3
       5
       2
       2
       5
       8
       8
       5
       9
       5
       4
       5
       7
       4
       5
       4
       1
       5
       8
       3
       3
       2
       9
       6
       4
       5
       2
       5
       1
       1
       9
       3
       2
       9
       2
       5
       2
       7
       1
       3
       3
       8
       4
       3
       5
       4
       3
       7
       6
       5
       3
       3
       1
       3
       1
       3
       2
       5
      10
       2
       3
       4
       7
       2
       4
       4
       2
       7
       5
       5
       2
       5
       4
       7
       3
       3
       1
       3
       4
       3
       9
       2
       7
      10
       7
      10
       2
       6
       6
